100
2 1
100 20
200 10
2 2
100 20
200 10
3 2
100 10
100 10
100 10
4 2
9 3
7 1
10 1
8 4
7 3
3151 388294
3611 383496
3191 303244
3511 355449
3733 383189
18320 5
10503 37
9 2
97348 749898
712915 102398
81716 893351
182636 399708
971948 75108
520893 140146
272450 267943
129357 564338
102705 710784
10 5
739484 19066
733330 19226
160256 87978
653276 21582
977875 14418
354799 39738
86583 162838
43948 320811
21682 650263
336275 41927
10 2
27564 2855
20781 2558
23857 2640
23516 2713
212086 77
202205 1
230091 39
21297 2519
28302 2133
25967 2815
3 2
27898 244188
19684 346086
98124 69426
5 3
29738 2209
22625 2700
282403 63
205755 20
23354 2726
10 5
256149 227167
164215 354344
242982 239477
174654 333165
548411 106104
785706 74059
556605 104542
61433 947188
109869 529618
287086 202687
3 1
3790 380678
17981 22
3080 342309
3 2
3705 390013
3285 349055
10248 23
2 1
18161 31
3606 379278
2 1
29393 2871
217832 13
3 1
21730 2059
27819 2563
289034 45
9 3
24610 2734
200703 21
24613 2573
28634 2556
27250 2539
22793 2365
25863 2345
221200 20
28629 2685
7 4
38502 179452
15283 452088
960687 7192
44863 154008
7956 868434
26013 265608
12818 539028
10 7
13609 26
3201 313992
3959 343147
3045 353837
14845 45
10361 41
3447 360105
3573 335666
3845 335734
3505 312874
7 1
3878 388021
18415 57
11578 76
3118 311436
3071 324449
3678 388050
3327 391609
2 1
260976 605880
214536 482860
8 5
65016 346579
127194 177156
183483 122808
168606 133644
25704 876641
90687 248472
860472 26187
486846 46284
3 2
16282 3
3857 351495
3698 318127
5 3
52374 869364
671832 67773
734483 61992
53382 852948
113274 401964
2 2
131979 238392
456617 68904
10 5
140142 548411
239296 321173
923854 83190
562199 136705
398357 192931
170193 451578
752032 102197
125535 612223
114222 672860
267194 287639
5 3
200185 840435
949171 946995
89570 609763
651227 73072
61896 735770
8 5
53613 106392
328042 17388
7659 744744
72072 79143
50232 113553
216783 26312
23436 243386
239382 23828
4 3
3548 379408
3029 352871
17936 75
3932 399811
10 3
77602 421195
64226 508915
173828 188034
172506 189475
142949 228652
78724 415192
747338 43736
666794 49019
111930 292018
78428 416759
8 3
212396 244880
106216 489677
194347 267622
292927 177558
387198 134328
116634 445938
339767 153080
65372 795624
6 2
565900 99698
62579 901566
107493 524863
450783 125158
380891 148124
249375 226242
8 2
162757 76877
219965 56883
15346 815344
178240 70199
68557 182509
653587 19144
132170 94668
22755 549869
9 5
61659 112056
82824 83421
16146 427924
150696 45849
12121 570024
640458 10788
213962 32292
73899 93496
12834 538356
2 2
138159 351944
296786 163836
8 5
499045 103055
65034 790803
754070 68202
456065 112767
837539 61405
555948 92507
601911 85443
446402 115208
5 2
3981 325096
14123 58
3381 336090
3650 301925
15836 100
3 1
221397 407534
179878 501600
494594 182426
9 5
59052 275094
720936 22533
77996 208278
74214 218892
82824 196137
145928 111321
80104 202797
99603 163096
41292 393414
5 1
29328 2062
225857 52
23388 2988
297828 57
23275 2852
10 6
382571 54648
24552 851529
674498 30996
527868 39606
195822 106764
179676 116358
91977 227304
43989 475272
186921 111848
26703 782936
5 2
936464 901359
942562 825164
168144 195397
593527 114950
420893 175737
5 2
14869 98
3332 356397
3473 308142
3706 328199
19139 87
4 2
311405 799601
164211 294968
488143 320624
445894 487541
7 1
19533 71
3078 358557
3522 396524
3640 383931
3109 374913
19877 4
3758 313781
7 4
3531 356238
18333 21
3145 312670
3199 336925
3966 381592
3912 301319
11002 71
6 3
909378 570830
354483 788687
748269 387842
93825 963918
258610 319113
540936 303975
10 7
295351 47
23026 2470
29045 2777
22185 2581
20953 2962
234316 62
29557 2893
28917 2510
214515 32
26181 2615
5 3
254388 118818
424473 71208
74907 403512
109388 276318
460143 65688
6 1
82691 331098
851538 687268
697412 927875
100978 751681
406284 626861
52746 857936
7 4
833372 74745
663638 93862
925962 67271
72740 856343
131671 473076
981291 63478
131048 475325
3 2
121040 516714
412409 151653
70534 886708
3 1
29131 2342
215684 61
20103 2866
10 6
306785 234520
81512 882658
179864 400009
106573 675098
249306 288590
276048 260633
535784 134284
995575 72267
169010 425698
219247 328156
8 5
155578 510137
878838 602720
248706 371504
141767 590067
712173 561022
380799 13365
722767 393825
584740 465968
7 2
756027 860291
376868 551566
279705 920947
647606 799557
1966 556207
507216 946405
924404 85208
3 2
24721 2719
27281 2146
281734 20
9 3
559493 244817
492013 7803
144943 96773
733297 835896
748832 78649
500617 368948
527204 50137
199763 844025
717858 244523
10 5
862160 131549
677283 520079
809306 448597
75382 466710
49977 567102
361515 287813
621555 197010
298031 305276
323092 716633
36428 566336
7 4
32637 540792
172086 102564
59598 296148
52503 336168
269352 65527
134676 131054
54868 321678
8 5
393162 28044
39606 278388
59409 185592
74888 147231
18216 605283
86469 127512
711436 15498
616968 17871
6 3
176424 376518
81531 814743
75536 879406
218515 303992
154500 429947
122434 542552
7 3
3309 377796
3283 322676
19423 89
3198 387361
3902 398350
16911 42
3454 358013
6 4
56511 349297
571130 132174
616691 865435
732134 613814
834837 207210
677357 766454
6 4
231305 32
23652 2861
264251 10
25874 2458
21151 2184
27271 2828
4 1
510412 828710
424468 371686
2344 106438
900031 166812
4 1
12486 95
3431 345703
3612 323509
3944 309614
8 5
91746 367968
50683 666093
772460 43704
346743 97362
201967 167154
664873 50776
93371 361564
408035 82737
6 1
3053 363172
13868 40
3083 342734
3446 321705
18744 71
3105 385903
10 7
29244 2378
23665 2237
263055 93
25890 2634
25324 2984
27770 2010
29763 2555
219790 26
25309 2912
297038 16
10 7
26335 2141
247201 68
22845 2518
24980 2687
28600 2645
26230 2017
256952 29
28407 2785
215127 75
28357 2128
6 4
552552 6273
204204 16974
236808 14637
124476 27846
232254 14924
42504 81549
10 2
28178 2107
23243 2146
226257 65
24070 2514
26949 2197
24568 2566
28803 2286
296285 7
25825 2295
217756 35
4 3
3136 319746
3122 377162
3677 356049
14154 45
4 1
282845 33
22494 2475
22975 2488
22155 2354
7 1
3526 353968
3838 334294
3110 397161
15860 20
3779 379945
18940 61
3152 378526
3 1
125646 517924
258682 251564
761495 85457
5 3
952572 338421
281253 308697
802128 75956
300279 793885
920166 75179
4 3
47804 170478
28728 283679
747252 10906
27306 298452
7 4
62049 351288
38376 567987
179826 121212
61404 354978
73593 296184
184212 118326
552636 39442
5 3
17157 673992
107226 107844
62307 185592
31464 367521
53922 214452
10 3
991169 34594
47965 714865
500000 68577
796814 43032
888971 38571
152826 224363
884180 38780
86990 394166
37916 904328
177121 193588
7 4
834678 20468
102254 167076
52632 324597
31734 538356
42804 399126
19188 890358
115128 148393
5 2
3982 371356
3435 377434
14559 6
4000 389566
17128 25
5 2
266254 536391
270465 543749
633970 816601
78909 9813
814191 448501
1 1
1 1
3 2
20609 199607
570794 224145
132646 541302
9 2
719980 113309
487337 167400
808197 100941
217790 374582
851488 95809
591101 138014
567479 143759
711106 114723
242287 336709
7 2
482592 633586
617727 995649
734484 952340
382810 991508
131854 225560
475597 970691
94229 693303
9 3
3003 327682
3411 303082
12841 38
3601 333142
3200 342790
3504 317963
3275 376279
3987 373585
10413 93
2 1
21630 2228
234817 3
10 4
790426 43806
778194 784674
475748 500109
936340 972356
201678 779628
427122 977391
162161 150269
965800 122280
169201 453779
538813 32319
3 2
19684 907902
583338 30636
475524 37582
4 3
892031 257839
900987 977258
555710 830257
217210 653638
6 3
28494 2105
20268 2169
21577 2189
248487 97
293166 14
28977 2166
2 1
383389 63135
115864 208911
10 10
1000000 1000000
1000000 1000000
1000000 1000000
1000000 1000000
1000000 1000000
1000000 1000000
1000000 1000000
1000000 1000000
1000000 1000000
1000000 1000000
7 2
22692 2011
214816 19
27798 2498
233825 24
21395 2103
20162 2355
24436 2250
5 2
88893 725062
957421 740703
933276 69912
153426 151019
40109 111481
5 2
232250 78
21251 2959
212919 11
20231 2192
29074 2190
