1000
13 94 70
40 32 40
18 95 60
69 26 21
35 35 60
79 8 72
20 56 69
7 56 41
4 62 87
78 3 72
27 61 19
44 88 41
16 54 82
35 97 48
10 36 76
85 74 65
28 95 81
23 35 44
12 85 59
53 100 79
30 65 81
38 55 3
6 68 91
2 47 93
17 6 40
84 90 1
76 45 72
14 89 2
16 93 89
39 62 18
21 52 78
57 58 89
72 53 57
96 28 17
95 82 27
81 16 88
73 43 35
19 41 36
34 78 66
79 67 41
7 52 33
39 68 89
98 29 77
81 13 32
1 87 21
14 58 26
43 99 74
57 71 100
51 46 69
45 12 15
5 42 25
23 7 39
81 58 33
70 25 2
10 86 69
34 59 57
13 9 61
14 84 31
61 11 61
74 35 91
4 80 61
34 29 37
29 21 89
68 94 26
55 99 81
59 31 96
61 58 61
90 69 60
23 70 19
67 73 45
99 13 4
28 81 52
36 67 58
84 38 75
16 58 42
96 33 27
69 96 3
91 24 30
80 25 64
100 1 1
89 41 20
7 62 58
17 69 21
24 100 35
70 70 72
82 35 76
49 18 95
86 33 83
31 46 91
63 39 40
0 2 42
35 99 22
46 13 25
7 84 22
69 62 92
36 98 27
52 37 89
43 89 76
15 100 82
84 95 42
14 30 25
82 89 7
16 5 23
3 83 27
8 87 8
21 60 67
82 2 69
16 66 92
43 41 16
29 35 24
46 60 87
93 79 38
13 45 52
1 23 28
61 38 36
66 16 67
87 22 56
48 46 58
23 8 13
56 82 23
77 67 94
78 92 39
57 75 18
23 5 33
54 84 33
85 7 21
73 9 85
34 72 75
10 32 14
79 20 6
56 80 4
29 36 86
6 90 7
56 1 93
65 34 26
21 57 20
83 21 71
52 71 98
42 65 78
43 58 83
73 29 39
83 81 21
46 71 15
20 46 63
75 18 15
24 64 84
60 81 24
26 2 42
92 4 28
49 48 55
43 48 99
60 34 72
91 48 60
70 100 38
62 24 38
0 10 42
37 87 64
52 90 42
22 84 76
9 76 39
78 22 46
41 58 27
78 71 68
96 97 9
57 61 15
67 83 21
85 68 41
36 4 21
10 34 82
64 96 55
45 58 69
34 66 96
61 56 2
51 16 83
45 4 63
78 100 69
50 91 58
31 20 6
25 54 15
70 67 75
72 96 80
59 83 100
85 13 84
12 7 78
88 98 52
58 20 9
84 1 80
80 32 67
87 70 20
61 87 41
76 41 73
52 79 8
79 13 6
20 73 91
77 21 90
54 86 32
91 63 85
96 44 13
80 22 42
22 89 58
23 34 79
55 48 15
90 63 36
50 65 61
8 13 21
10 5 43
55 82 21
92 7 98
17 8 18
66 96 69
94 53 82
21 63 84
67 94 53
95 88 7
22 88 73
75 9 23
46 54 18
10 87 38
100 33 89
44 60 67
28 1 34
82 79 96
72 36 27
46 65 73
96 46 59
31 80 31
83 41 63
15 73 20
95 62 96
58 12 24
5 47 9
90 48 65
92 10 71
79 6 30
70 88 73
81 45 30
82 47 46
38 73 58
49 2 81
28 9 52
70 87 37
38 13 28
13 46 10
29 42 62
19 77 96
1 69 27
51 61 55
40 67 34
4 11 83
77 83 58
63 5 13
81 14 29
14 19 22
5 98 52
99 70 86
44 68 69
94 75 65
77 23 24
35 9 73
18 75 3
60 100 78
39 68 98
84 98 55
62 17 11
33 58 9
21 6 39
52 36 12
43 82 22
84 74 99
90 37 82
47 68 48
85 33 65
51 32 31
46 13 17
50 58 100
44 7 12
71 83 38
37 33 85
7 13 7
23 58 58
39 94 64
89 86 90
15 81 62
91 77 63
52 60 75
23 74 80
47 27 8
12 9 17
97 48 53
58 18 38
72 98 89
90 93 62
86 92 88
63 42 23
2 77 57
75 46 17
75 91 13
93 37 34
85 73 67
100 87 47
86 67 92
20 28 98
71 28 4
13 28 46
68 82 88
26 4 85
67 23 25
57 59 38
96 10 58
16 35 59
16 79 40
100 89 76
76 23 47
88 76 98
22 75 38
94 11 37
85 84 21
58 27 76
50 42 68
12 72 15
52 29 5
48 52 2
3 75 98
79 87 63
59 19 85
81 64 71
93 24 72
29 75 87
90 98 72
54 36 40
7 29 86
31 8 81
88 98 54
13 42 34
41 12 92
10 28 72
10 55 27
34 74 94
33 44 96
61 9 64
16 88 96
20 46 39
83 98 82
50 36 93
37 3 58
41 85 37
33 39 73
35 71 80
59 30 79
38 92 85
52 27 39
100 54 94
19 57 99
57 66 7
78 12 41
70 16 5
53 66 72
36 32 85
36 42 44
56 87 92
77 46 98
56 56 52
99 77 4
91 25 16
91 96 80
14 59 83
72 68 30
47 66 45
8 88 1
29 81 85
25 61 69
11 30 40
25 23 43
31 30 58
3 96 47
32 14 83
42 35 78
100 66 7
0 20 25
63 97 5
47 32 85
31 11 66
54 93 10
46 4 73
62 86 17
11 99 92
97 18 34
99 99 99
12 98 95
47 88 70
13 64 55
91 61 19
12 3 26
53 90 67
41 54 55
34 9 32
29 37 5
16 48 34
41 26 27
11 97 8
86 82 81
8 61 3
38 20 36
54 31 99
83 45 78
73 5 80
50 66 61
86 54 55
94 30 1
2 94 46
13 63 44
17 42 4
42 91 58
61 89 91
34 92 25
29 90 66
20 73 83
58 58 81
24 24 77
73 67 79
25 69 7
11 73 54
77 83 32
53 48 96
74 76 22
63 93 100
95 23 15
27 81 7
0 30 70
25 93 2
8 78 93
0 33 60
46 25 23
80 94 17
44 71 96
100 76 79
52 79 95
19 61 77
13 17 1
38 3 52
22 95 30
26 91 40
16 53 10
30 25 5
84 90 42
47 1 94
8 59 6
87 15 84
9 77 77
89 11 13
32 67 10
46 83 61
31 83 25
14 12 58
100 89 79
99 62 71
22 64 65
73 7 6
74 92 31
54 18 72
100 60 84
19 15 33
99 41 62
33 56 65
32 10 75
66 69 9
99 35 58
100 84 72
59 89 41
52 27 3
56 30 6
82 65 54
100 91 42
68 76 65
22 14 70
19 13 36
6 90 18
37 62 67
95 11 94
86 14 22
61 34 14
12 55 55
51 61 95
64 70 73
72 9 77
31 37 19
28 2 36
44 52 32
83 12 56
34 21 80
19 38 41
15 19 12
6 57 10
9 78 90
2 76 15
4 99 34
67 58 20
65 46 89
91 10 23
32 47 87
17 26 74
94 30 67
84 24 17
19 59 93
79 26 26
45 39 5
21 89 97
2 72 59
85 9 98
87 93 35
61 95 87
96 23 25
48 39 20
24 84 57
37 65 24
30 64 56
37 59 59
96 46 9
45 61 96
95 52 21
11 72 92
73 81 29
38 42 11
17 37 79
2 100 54
57 41 42
98 55 70
31 57 62
28 46 55
80 65 25
90 67 82
13 55 55
30 44 90
79 88 11
30 15 68
2 32 95
17 89 70
44 35 57
73 32 97
71 76 48
75 37 68
98 22 42
0 57 27
87 37 94
79 37 2
21 80 63
60 87 90
34 10 100
99 61 22
15 12 1
51 65 58
52 39 2
79 6 20
66 20 11
61 30 32
33 60 68
51 16 84
100 91 95
54 47 14
37 17 62
5 19 45
100 70 91
76 77 73
10 22 55
87 37 36
82 77 39
61 65 100
48 100 27
53 80 34
67 89 59
4 78 15
6 56 93
67 54 42
67 12 75
70 93 6
60 4 61
7 33 36
78 28 15
54 8 62
82 42 37
91 86 25
75 97 59
20 14 88
49 43 41
65 42 19
57 14 13
22 42 25
49 35 2
18 89 10
70 29 55
74 73 98
48 59 23
76 21 60
39 62 19
14 60 30
43 19 26
79 100 64
65 39 45
27 65 77
57 76 70
96 80 66
4 57 29
62 87 92
63 53 74
0 42 24
99 3 95
49 79 11
100 64 45
37 54 52
16 97 9
54 7 5
37 77 96
4 84 60
93 8 68
3 98 22
55 37 9
62 44 84
35 62 33
87 28 17
73 93 3
100 63 3
42 58 87
1 87 71
17 17 24
20 94 40
69 18 21
94 30 5
95 20 58
9 100 8
55 68 37
82 24 95
68 85 59
60 2 68
97 61 94
93 5 46
89 74 71
16 43 68
57 38 52
67 7 97
7 55 65
1 12 64
72 21 28
78 28 94
41 5 75
92 80 87
7 13 96
43 30 26
36 41 40
84 48 1
41 88 72
74 77 38
49 34 10
67 60 99
62 57 13
7 79 5
67 77 35
5 20 37
69 77 100
67 60 11
89 37 94
59 22 76
72 40 83
2 48 25
23 7 3
52 68 11
56 35 42
46 38 10
26 20 90
100 17 30
19 87 86
17 53 33
53 46 81
41 67 73
27 39 58
36 65 62
46 100 80
63 38 11
5 92 68
82 28 71
11 10 80
52 10 20
91 2 12
23 21 97
22 34 52
75 69 6
69 44 38
27 69 53
14 98 61
83 27 46
47 74 14
90 77 46
66 75 25
60 81 83
55 58 79
34 85 73
76 47 70
77 61 9
55 98 32
94 6 97
75 55 81
34 44 71
70 91 100
52 33 14
71 8 8
82 93 96
59 82 94
51 36 99
54 83 44
6 74 68
36 12 28
10 33 21
32 68 96
69 39 59
66 68 37
1 52 5
42 63 85
16 46 80
0 55 55
63 75 34
74 86 67
35 68 35
82 32 14
100 66 13
6 54 76
40 29 19
7 95 21
100 47 93
89 48 39
0 54 4
20 60 75
100 28 10
29 23 13
28 11 21
7 25 48
5 4 81
18 61 15
75 40 70
88 93 40
58 16 65
35 55 63
68 31 60
91 35 47
75 52 73
42 12 84
49 78 52
44 33 42
85 85 71
41 32 82
30 83 16
41 87 80
65 88 97
26 92 27
16 58 27
34 27 91
54 69 77
97 76 47
59 8 29
47 12 95
25 17 18
98 38 32
25 43 2
91 74 34
71 35 27
7 55 85
93 28 75
13 15 91
9 67 78
25 74 22
59 30 95
94 62 11
38 91 22
55 82 52
38 10 22
13 21 19
1 90 31
74 27 60
95 92 84
0 71 40
4 8 40
34 92 69
42 13 34
88 17 98
48 69 67
75 36 52
2 67 55
87 21 91
25 65 34
37 13 100
81 30 41
78 53 78
34 68 35
18 66 28
26 54 1
33 70 76
23 7 57
88 5 55
18 18 95
94 41 86
9 10 84
80 53 38
65 89 98
13 64 42
55 83 24
28 53 36
28 75 45
40 9 35
67 3 26
20 46 23
91 59 33
92 33 47
75 33 74
18 75 8
8 100 13
32 94 82
87 47 83
75 30 25
19 90 69
73 35 23
62 18 5
96 31 25
87 66 72
33 6 28
41 20 71
88 17 100
13 68 39
15 40 98
93 21 57
61 85 22
4 47 5
88 27 3
14 63 94
3 40 45
20 11 46
56 92 59
79 29 41
17 46 54
50 20 90
78 23 25
18 57 73
79 48 76
6 97 77
23 79 47
45 54 78
76 58 19
89 99 82
18 69 54
53 70 66
88 56 9
86 25 64
66 89 30
71 59 9
80 66 44
56 84 29
90 14 81
0 27 62
31 40 41
53 85 73
87 20 40
47 92 81
57 75 37
22 20 89
2 9 3
40 79 88
35 72 76
91 10 57
90 78 19
55 93 15
1 22 6
39 43 22
53 77 48
61 11 30
60 83 20
24 8 15
12 100 82
50 22 86
75 68 11
58 85 42
67 10 77
46 60 37
8 20 80
84 58 56
10 33 56
67 19 16
4 86 31
53 22 1
37 87 8
93 85 66
68 45 5
5 66 37
6 45 79
6 53 79
55 12 25
47 71 80
97 81 53
29 94 95
14 10 10
30 5 25
39 72 57
40 76 92
34 64 3
13 62 100
56 83 72
89 48 41
9 3 8
77 18 99
37 2 41
31 86 25
21 1 14
38 4 40
96 2 72
67 45 63
23 60 91
12 65 66
99 91 5
11 83 30
7 54 41
83 56 97
15 27 85
32 81 7
5 77 3
34 67 6
21 53 4
91 22 82
84 71 12
53 89 74
8 44 91
93 40 71
41 9 44
55 55 17
48 21 33
76 82 99
16 12 2
40 58 61
19 80 12
19 71 93
28 16 5
69 91 72
96 100 18
97 14 17
61 53 3
17 63 22
90 24 63
71 28 11
11 32 65
79 94 60
52 72 19
15 81 30
93 61 47
39 5 38
8 7 32
13 9 38
13 82 4
84 93 54
95 85 18
20 98 70
48 64 69
52 71 59
100 18 7
29 21 13
73 6 68
100 37 76
28 14 70
54 13 86
3 22 39
87 37 39
42 8 52
85 2 99
59 78 24
95 33 26
23 17 75
35 43 32
74 86 76
69 11 77
76 70 22
80 5 56
39 62 100
48 77 79
37 92 57
30 41 28
83 39 80
5 36 8
65 48 46
77 46 25
57 52 31
100 91 18
12 39 71
16 15 64
80 74 70
62 90 75
8 2 87
8 47 90
77 89 85
51 34 61
5 5 86
82 56 91
23 24 41
34 14 7
1 23 57
4 87 25
2 59 23
