100
2 3 2
1 1 1
2 1 2
3 2 3
10 18 10
35 9 35
3 12 3
64 8 64
28 12 28
1 49 1
1 3 1
12 6 12
3 37 3
15 8 15
36 3 36
29 12 29
92 2 92
84 3 84
67 7 67
95 2 95
2 16 2
5 20 5
9 10 9
30 12 30
28 6 28
35 1 35
75 1 75
53 8 53
66 6 66
4 29 4
76 8 76
100 2 100
5 3 5
3 4 3
89 2 89
30 4 30
1 4 1
7 9 7
1 6 1
1 87 1
21 5 21
1 26 1
9 2 9
81 5 81
4 25 4
24 3 24
32 2 32
4 2 4
16 4 16
3 1 3
28 1 28
80 8 80
3 11 3
37 9 37
19 2 19
4 4 4
100 9 100
3 3 3
30 1 30
1 15 1
20 1 20
4 3 4
27 5 27
1 2 1
82 1 82
14 7 14
1 94 1
57 7 57
24 6 24
10 5 10
59 6 59
3 13 3
6 14 6
82 7 82
100 4 100
72 5 72
4 1 4
2 59 2
12 8 12
93 3 93
27 8 27
15 15 15
88 4 88
5 17 5
45 3 45
1 28 1
2 2 2
2 4 2
100 3 100
73 8 73
26 10 26
9 17 9
1 100 1
5 5 5
100 1 100
8 1 8
11 6 11
96 1 96
13 9 13
1 29 1
