100
2 3 2
1 1 1
2 1 2
3 2 3
2 2 2
4 13 4
83 4 83
81 5 81
62 10 62
10 12 10
33 6 33
1 4 1
95 7 95
14 7 14
19 9 19
100 9 100
75 5 75
22 10 22
3 19 3
4 3 4
100 3 100
13 11 13
43 5 43
2 59 2
92 1 92
10 11 10
54 9 54
1 28 1
72 7 72
33 11 33
63 9 63
34 4 34
15 14 15
1 30 1
36 6 36
8 7 8
77 3 77
71 5 71
22 4 22
2 14 2
7 6 7
76 2 76
1 3 1
70 2 70
4 1 4
85 5 85
76 8 76
79 2 79
84 6 84
2 4 2
42 7 42
42 2 42
4 2 4
3 1 3
1 100 1
1 82 1
21 12 21
4 22 4
4 4 4
7 3 7
87 1 87
1 13 1
57 8 57
10 5 10
94 2 94
19 3 19
100 2 100
62 1 62
27 1 27
3 37 3
5 16 5
43 3 43
63 8 63
100 4 100
41 10 41
2 41 2
68 4 68
3 3 3
93 7 93
52 5 52
14 14 14
23 13 23
4 29 4
15 1 15
5 23 5
72 1 72
13 8 13
23 1 23
1 2 1
62 9 62
60 2 60
3 4 3
27 6 27
80 8 80
16 6 16
1 18 1
3 32 3
100 1 100
96 2 96
10 18 10
