50
3
1 2 3
2 3 5
3 5 6
2 3 4
1 2 3
8
3 6 8 9 10 12 14 16
13 15 19 21 22 24 25 26
11 14 15 18 19 21 23 25
12 14 17 20 21 22 23 24
6 8 12 13 14 16 18 20
7 9 11 13 15 18 20 21
9 10 13 14 16 19 21 22
10 12 16 18 19 20 21 23
13 16 18 20 21 23 24 26
10 12 14 16 17 20 22 24
4 7 10 11 13 14 15 18
2 4 6 7 9 10 11 13
6 8 10 12 14 16 17 19
8 10 14 15 16 17 19 21
4 6 7 8 10 12 14 15
7
8 13 15 19 24 27 31
7 11 13 16 18 20 21
12 20 24 25 31 34 36
8 13 15 20 21 25 27
10 16 19 24 27 28 31
4 6 8 11 15 17 19
14 22 27 30 33 37 40
6 11 13 16 20 22 26
18 26 31 34 35 38 43
19 21 27 31 36 40 43
15 18 21 27 31 33 35
11 16 20 24 25 30 34
4 7 8 10 12 14 18
10
21 25 29 30 35 38 39 46 49 50
9 13 14 18 21 23 26 27 29 30
16 18 22 29 30 34 37 40 43 46
6 10 12 14 16 17 20 22 24 26
14 17 20 26 27 32 34 35 37 39
7 10 12 15 17 18 21 24 27 29
19 24 27 29 34 36 37 43 45 48
10 15 17 21 23 26 27 30 33 37
2 5 6 8 10 12 14 17 19 21
4 7 10 12 15 16 19 21 24 25
8 12 15 18 20 23 26 29 32 35
13 15 17 23 26 29 31 33 36 38
12 16 18 23 26 29 32 34 36 38
21 23 26 35 37 38 39 43 48 50
17 21 24 27 31 33 35 40 41 43
2 4 7 9 12 13 14 16 19 21
12 14 16 20 23 26 28 31 34 35
5 7 10 13 14 15 17 18 20 23
14 19 21 26 28 31 34 37 38 39
4
4 6 8 10
1 3 4 6
6 8 9 10
3 5 6 9
3 4 5 6
4 5 6 8
1 2 3 4
10
19 24 27 28 33 36 37 39 40 46
2 5 7 9 10 12 14 17 20 21
15 19 20 25 26 28 33 37 38 42
7 11 14 15 17 19 20 22 27 30
9 13 15 19 22 24 26 27 30 32
21 26 30 31 35 39 41 44 47 49
2 5 8 9 10 12 15 16 19 21
9 14 16 19 20 22 25 27 28 31
10 15 17 20 24 26 28 30 33 35
21 27 30 32 35 39 42 45 46 49
5 8 11 14 16 18 21 24 26 27
17 24 26 27 30 34 37 38 39 44
14 21 24 26 28 31 33 36 37 41
10 16 17 22 24 25 26 30 33 35
5 8 11 13 15 16 19 21 24 26
12 18 19 24 26 27 28 33 36 39
16 21 22 27 30 33 36 38 39 45
20 26 29 30 33 36 38 39 40 47
12 16 19 22 25 27 31 34 36 39
7
4 7 10 11 14 16 17
9 11 15 16 18 20 23
6 8 12 13 15 17 19
2 4 6 7 8 9 11
9 10 14 16 17 19 20
1 2 3 4 6 8 9
2 4 6 8 9 10 12
3 6 8 10 12 14 16
8 9 13 14 17 19 21
10 12 16 17 19 21 23
5 8 10 11 13 14 16
3 6 8 10 12 13 15
7 9 12 14 15 17 18
5
2 5 6 8 9
6 9 11 13 16
8 9 12 14 16
6 8 10 11 13
1 2 4 6 8
4 7 8 10 11
5 8 10 11 14
1 3 4 5 6
3 5 7 8 9
10
14 15 17 21 23 26 27 30 32 33
10 14 17 19 20 22 24 25 27 29
4 6 8 11 13 15 17 19 20 22
10 13 15 17 20 22 24 27 28 30
15 19 22 25 26 28 30 31 33 34
8 10 11 14 17 19 20 23 25 26
16 18 19 23 25 28 29 31 33 34
2 5 6 7 10 12 13 14 15 18
1 2 3 5 7 9 10 12 13 15
13 17 20 23 25 26 28 30 32 33
3 7 8 10 11 14 15 16 17 19
1 3 4 6 8 9 10 12 14 16
9 13 15 16 19 20 22 24 26 28
12 15 19 21 23 25 27 29 30 31
7 11 13 15 17 18 20 21 23 25
5 9 11 13 14 16 17 19 21 23
3 5 7 9 11 13 14 15 17 19
12 14 16 19 21 24 25 29 30 31
6 7 10 13 15 16 19 21 23 25
7
1 2 3 4 5 6 23
4 9 13 16 17 18 29
5 10 14 17 19 20 30
22 24 26 29 31 33 34
3 8 12 13 14 15 26
4 9 13 16 17 18 28
5 10 14 17 19 20 31
3 8 12 13 14 15 27
6 11 15 18 20 21 32
1 2 3 4 5 6 22
2 7 8 9 10 11 25
2 7 8 9 10 11 24
23 25 27 28 30 32 34
8
15 17 20 30 32 35 38 41
12 16 19 28 30 34 37 39
11 18 20 23 26 27 30 32
9 12 14 15 16 17 19 20
4 7 12 15 18 19 22 24
16 24 26 30 34 36 39 41
3 4 5 6 7 9 12 15
5 8 14 18 20 23 24 26
14 19 23 26 29 31 34 35
15 22 24 27 32 33 37 38
9 14 17 26 27 31 33 36
3 6 9 10 11 14 15 16
10 15 18 20 23 26 28 30
6 9 15 20 23 26 27 30
7 11 16 23 26 29 32 34
4
3 7 11 15
2 6 10 14
5 6 7 8
4 8 12 16
13 14 15 16
9 10 11 12
1 5 9 13
10
4 5 6 7 8 9 10 11 12 13
3 4 5 6 7 8 9 10 11 12
8 9 10 11 12 13 14 15 16 17
8 9 10 11 12 13 14 15 16 17
3 4 5 6 7 8 9 10 11 12
2 3 4 5 6 7 8 9 10 11
10 11 12 13 14 15 16 17 18 19
10 11 12 13 14 15 16 17 18 19
4 5 6 7 8 9 10 11 12 13
7 8 9 10 11 12 13 14 15 16
5 6 7 8 9 10 11 12 13 14
9 10 11 12 13 14 15 16 17 18
6 7 8 9 10 11 12 13 14 15
7 8 9 10 11 12 13 14 15 16
1 2 3 4 5 6 7 8 9 10
6 7 8 9 10 11 12 13 14 15
1 2 3 4 5 6 7 8 9 10
5 6 7 8 9 10 11 12 13 14
2 3 4 5 6 7 8 9 10 11
3
2 3 4
1 2 3
1 2 3
2 3 4
3 4 5
7
4 6 8 9 10 11 12
2 3 5 6 7 8 10
7 11 14 15 17 18 20
9 12 15 16 18 20 21
10 14 17 18 20 22 24
8 11 13 16 18 20 22
10 12 15 18 20 21 24
5 8 9 12 14 15 17
2 4 5 6 7 9 10
6 9 11 14 15 16 18
5 8 9 11 12 13 15
6 10 12 14 15 16 18
3 6 8 10 11 12 14
9
13 17 19 21 24 27 29 31 32
6 10 14 15 19 21 24 27 30
12 15 18 20 23 27 29 32 34
5 9 12 14 17 20 21 24 28
9 12 17 18 20 24 27 29 33
17 19 22 23 25 30 32 37 40
10 16 17 20 21 24 27 28 30
4 9 10 12 14 17 18 20 22
1 3 4 5 6 9 12 15 17
16 23 25 28 30 33 34 36 40
4 7 10 13 14 17 19 22 25
1 3 4 5 7 10 13 15 16
3 6 7 9 10 12 15 17 19
7 13 14 17 19 20 23 24 25
15 20 22 24 27 29 32 35 37
5 11 13 14 15 18 20 22 23
3 6 9 11 13 16 17 20 23
10
2 12 22 32 42 52 62 72 82 92
5 15 25 35 45 55 65 75 85 95
81 82 83 84 85 86 87 88 89 90
8 18 28 38 48 58 68 78 88 98
11 12 13 14 15 16 17 18 19 20
1 2 3 4 5 6 7 8 9 10
91 92 93 94 95 96 97 98 99 100
61 62 63 64 65 66 67 68 69 70
7 17 27 37 47 57 67 77 87 97
10 20 30 40 50 60 70 80 90 100
71 72 73 74 75 76 77 78 79 80
21 22 23 24 25 26 27 28 29 30
4 14 24 34 44 54 64 74 84 94
1 11 21 31 41 51 61 71 81 91
41 42 43 44 45 46 47 48 49 50
31 32 33 34 35 36 37 38 39 40
3 13 23 33 43 53 63 73 83 93
9 19 29 39 49 59 69 79 89 99
6 16 26 36 46 56 66 76 86 96
4
5 6 11 13
11 14 17 22
5 10 11 16
10 11 14 16
16 18 22 24
13 16 20 24
11 14 17 20
2
2 5
5 9
2 4
10
30 35 43 45 50 55 56 57 60 67
5 9 10 15 18 25 29 30 32 35
11 12 16 22 26 31 36 40 44 45
26 30 37 40 43 45 46 52 54 59
24 29 34 36 40 41 42 47 48 54
19 23 25 31 35 36 41 45 50 55
7 10 15 16 21 25 30 33 37 41
20 25 30 33 36 38 42 46 51 56
12 15 17 22 26 31 33 34 40 46
29 32 39 44 47 50 51 56 57 64
29 33 41 46 49 50 54 59 64 67
1 5 8 11 16 19 20 25 28 29
17 18 20 26 31 35 36 37 42 49
25 28 33 34 37 43 47 52 56 57
16 20 21 26 31 32 40 43 47 50
22 25 26 31 32 36 38 43 47 50
28 30 37 40 42 47 48 54 57 60
1 5 7 12 17 22 24 26 29 30
8 10 15 17 20 26 34 37 39 43
3
3 4 5
1 2 3
2 3 4
1 2 3
3 4 5
7
1 8 15 22 29 36 43
15 16 17 18 19 20 21
43 44 45 46 47 48 49
8 9 10 11 12 13 14
5 12 19 26 33 40 47
7 14 21 28 35 42 49
36 37 38 39 40 41 42
3 10 17 24 31 38 45
4 11 18 25 32 39 46
2 9 16 23 30 37 44
1 2 3 4 5 6 7
22 23 24 25 26 27 28
29 30 31 32 33 34 35
9
13 16 18 23 26 27 29 33 39
22 24 25 29 33 37 42 46 50
23 26 29 32 36 38 42 46 48
8 11 13 15 17 20 24 28 31
26 30 31 36 37 39 46 50 51
9 13 16 18 20 22 29 31 36
19 20 22 27 28 31 37 39 44
16 17 22 26 27 28 36 37 42
18 20 24 27 29 31 38 39 46
29 31 35 39 40 44 48 51 54
6 11 15 16 19 20 26 30 32
4 6 9 12 16 18 22 26 29
16 19 20 24 27 29 33 34 40
4 8 9 13 16 19 23 26 29
9 15 16 20 22 24 25 32 35
29 32 36 39 42 46 50 53 54
26 28 32 33 34 39 46 50 53
9
14 16 19 20 25 26 27 30 32
9 12 14 16 19 21 23 24 27
13 14 18 19 23 24 26 28 30
4 5 6 8 10 12 13 14 16
11 13 15 16 19 21 22 24 26
16 18 20 23 25 27 28 30 32
14 15 18 21 22 24 26 28 30
6 8 10 12 13 14 16 18 19
10 11 14 15 17 19 21 23 25
12 14 17 19 20 23 25 26 27
11 13 16 18 21 22 25 26 28
8 10 13 15 17 19 20 22 25
6 8 12 14 15 16 19 21 23
5 6 10 12 14 15 17 18 20
4 5 8 9 11 13 14 15 18
2 4 6 8 10 11 12 14 16
8 9 12 14 15 16 18 19 20
10
145 148 214 229 240 261 292 305 316 328
52 80 87 107 127 159 168 205 224 229
107 112 126 155 199 208 235 244 279 305
102 111 183 205 216 217 234 244 254 256
73 93 102 115 141 171 184 216 237 240
97 105 122 152 176 182 213 234 273 292
92 110 166 168 184 191 213 235 240 242
61 72 74 107 115 137 152 155 172 183
36 62 69 87 102 103 122 126 145 170
74 97 122 127 141 155 176 199 212 217
17 40 62 72 97 103 110 111 146 148
81 103 142 159 171 176 182 208 220 241
1 12 36 61 74 81 92 102 122 145
1 17 34 52 73 93 97 107 124 143
143 158 170 183 217 241 242 256 299 328
34 61 69 74 122 142 166 183 192 214
122 146 192 224 237 255 273 279 281 299
124 135 145 172 212 220 240 254 281 316
12 40 61 80 93 101 105 112 135 158
10
7 10 11 13 15 16 17 19 22 24
13 16 20 22 25 27 29 30 31 33
8 10 13 15 17 18 20 22 24 25
12 14 16 18 20 22 25 27 29 31
4 5 7 9 10 12 13 14 16 18
13 15 17 20 22 23 26 28 30 32
2 3 5 7 8 9 10 11 13 15
3 5 8 10 11 12 14 15 16 18
15 18 21 24 26 28 31 32 34 35
9 12 14 16 19 20 22 23 26 28
10 12 15 16 18 20 23 24 27 28
15 16 18 22 24 26 28 30 31 34
10 13 16 17 21 23 25 26 28 30
9 11 13 15 17 19 21 23 25 26
6 8 10 12 13 14 16 18 20 21
7 9 12 13 15 16 18 20 22 23
5 7 10 11 13 15 16 17 18 19
2 4 6 7 9 10 12 13 15 16
16 18 19 23 25 28 30 32 33 35
3
5 7 13
6 7 14
3 6 10
10 13 18
3 5 9
4
1 2 3 4
1 2 3 4
2 3 4 5
2 3 4 5
3 4 5 6
4 5 6 7
4 5 6 7
4
52 79 85 97
54 68 90 97
39 46 66 68
42 66 74 85
19 26 42 54
49 70 74 90
26 46 70 79
2
2 6
2 4
4 8
3
8 12 16
1 5 8
4 11 16
3 7 12
1 3 4
9
5 6 8 10 11 14 15 16 19
8 10 14 16 18 19 21 23 24
5 6 8 10 12 14 16 17 18
12 13 17 19 21 22 23 26 28
6 8 10 11 13 16 17 19 21
6 8 10 11 13 16 17 19 20
13 17 19 20 22 24 25 28 29
1 3 5 6 7 9 10 12 13
9 12 14 16 18 19 20 22 25
3 4 6 8 10 12 13 15 17
12 15 16 19 21 23 24 26 27
10 12 16 17 19 20 22 24 25
7 9 12 13 14 18 20 21 22
14 16 18 21 23 25 26 27 29
7 10 11 13 14 18 19 21 23
10 13 15 17 20 21 22 23 26
1 3 5 6 7 8 10 12 14
10
12 13 16 20 23 24 27 28 30 32
13 14 20 23 24 26 29 30 35 36
15 19 23 25 26 29 31 33 36 39
2 5 7 9 10 13 14 15 17 19
6 9 13 16 19 20 21 24 25 28
18 24 27 29 32 35 36 40 41 43
10 13 19 21 23 24 26 27 32 34
19 20 28 30 32 35 39 41 43 46
15 17 24 26 28 31 33 37 40 42
5 8 9 12 13 17 19 21 24 26
14 15 21 24 27 30 31 34 36 38
2 3 6 9 12 14 15 17 18 21
14 17 20 22 24 26 30 31 32 35
9 12 16 18 20 22 25 26 29 32
21 26 30 32 34 36 38 42 44 46
17 19 25 28 30 32 36 38 41 44
3 8 11 12 13 14 15 17 19 20
9 12 15 18 21 23 24 26 28 30
7 11 13 15 16 20 23 24 27 30
2
4 8
2 6
6 8
8
3 6 9 14 18 19 24 27
3 6 11 12 15 18 22 25
22 29 33 36 41 45 50 53
18 24 29 34 39 41 46 48
18 20 24 31 35 39 41 45
19 25 27 33 36 41 45 46
12 19 22 27 31 33 36 40
11 14 18 21 24 27 29 37
15 23 26 30 35 36 39 44
24 28 29 36 39 46 50 51
6 9 14 19 23 24 29 30
9 11 18 22 26 29 33 38
25 30 38 39 45 46 51 55
14 15 21 27 30 34 36 39
27 32 37 40 44 48 53 55
10
6 14 21 27 32 36 37 38 39 57
3 11 18 19 20 21 22 23 24 50
2 10 11 12 13 14 15 16 17 49
3 11 18 19 20 21 22 23 24 51
8 16 23 29 34 38 41 43 44 61
6 14 21 27 32 36 37 38 39 56
5 13 20 26 31 32 33 34 35 54
1 2 3 4 5 6 7 8 9 47
4 12 19 25 26 27 28 29 30 53
9 17 24 30 35 39 42 44 45 62
9 17 24 30 35 39 42 44 45 63
46 48 51 52 54 57 58 61 62 64
7 15 22 28 33 37 40 41 42 58
7 15 22 28 33 37 40 41 42 59
1 2 3 4 5 6 7 8 9 46
5 13 20 26 31 32 33 34 35 55
4 12 19 25 26 27 28 29 30 52
2 10 11 12 13 14 15 16 17 48
8 16 23 29 34 38 41 43 44 60
4
1 3 6 8
3 6 8 11
4 8 10 14
6 11 13 15
1 3 4 6
6 9 10 13
3 6 9 11
3
3 4 5
1 2 3
2 3 4
3 4 5
2 3 4
2
2 22
2 22
22 222
10
13 16 17 21 22 24 26 28 30 32
5 7 9 12 13 14 16 17 19 20
4 6 8 10 11 12 14 16 17 19
11 12 14 18 20 21 23 24 25 26
15 20 21 23 25 26 28 32 33 36
2 4 5 6 7 9 10 11 13 15
2 3 5 7 9 11 12 13 14 16
7 11 13 16 17 20 21 22 24 25
13 18 20 21 23 25 27 30 32 34
3 6 7 9 11 13 15 17 18 20
7 10 12 14 16 18 19 20 21 23
16 19 20 24 25 26 30 31 34 36
5 8 9 11 13 14 17 18 20 21
14 17 19 22 24 25 28 29 32 33
9 11 13 16 17 19 21 22 23 25
6 9 11 14 16 18 20 21 22 24
9 13 14 18 19 21 23 24 25 26
10 15 17 19 21 23 25 26 28 30
11 17 18 20 22 24 26 28 29 31
4
1 2 3 8
7 9 11 13
3 5 6 12
1 2 3 7
8 10 12 13
2 4 5 9
2 4 5 10
2
6 8
2 6
2 4
7
5 6 7 8 9 10 11
2 3 4 5 6 7 8
3 4 5 6 7 8 9
6 7 8 9 10 11 12
2 3 4 5 6 7 8
3 4 5 6 7 8 9
4 5 6 7 8 9 10
7 8 9 10 11 12 13
1 2 3 4 5 6 7
1 2 3 4 5 6 7
6 7 8 9 10 11 12
4 5 6 7 8 9 10
7 8 9 10 11 12 13
9
12 16 19 21 23 26 27 28 29
9 13 16 18 20 21 24 26 27
11 13 15 16 17 22 24 26 27
9 11 13 15 16 20 21 24 26
1 3 4 6 8 9 11 12 14
4 6 8 9 12 14 16 17 19
6 8 10 12 14 16 18 19 21
11 14 17 19 22 24 26 27 28
8 10 12 14 15 18 20 22 23
12 14 17 18 20 23 26 27 28
4 8 9 12 14 15 16 18 19
3 5 7 8 10 12 13 14 16
1 2 3 4 6 8 9 11 12
3 7 8 10 12 13 15 17 18
14 15 18 19 21 25 27 28 29
2 5 6 8 10 11 13 14 15
8 12 14 16 18 20 22 23 25
7
32 57 82 100 103 118 119
93 131 149 162 194 219 241
25 36 45 65 75 96 108
75 103 133 141 157 171 194
108 119 172 195 217 220 241
56 88 114 128 141 171 195
96 118 150 171 179 204 219
74 113 144 152 171 204 220
49 67 104 114 133 150 172
25 32 49 56 68 74 93
68 109 132 133 157 179 217
45 82 104 114 132 144 149
36 57 67 88 109 113 131
2
8 10
5 10
4 5
7
2 4 5 7 8 10 12
8 11 14 19 20 21 27
10 13 17 21 23 25 30
17 20 21 24 27 30 33
14 16 17 19 21 25 27
7 9 13 16 17 19 24
12 14 18 22 26 27 33
5 8 11 14 16 17 21
4 6 8 9 11 13 14
11 13 16 17 20 23 26
8 11 14 16 19 21 22
2 4 5 8 11 14 17
4 6 8 11 13 16 20
2
4 8
2 4
6 8
2
2 22
22 222
22 222
6
1 6 9 12 15 16
15 19 23 25 32 36
6 8 12 17 22 27
1 6 10 15 17 19
10 12 16 18 23 27
9 13 16 19 27 28
12 14 18 21 31 34
19 27 28 34 36 39
16 23 27 28 34 39
17 22 27 31 32 34
6 8 13 14 19 23
