1000
335735 -946018 123698
326879 55869 800267
653570 -622360 304793
201354 191724 52465
123498 -437368 479125
762810 852403 939533
654639 -342083 199388
706965 -155370 612709
13712 -624350 557983
315519 -858623 219860
471891 213990 94058
973657 -861125 361291
416672 594107 893655
908724 -910512 240995
980225 220386 161953
828276 156966 750565
398671 373354 122922
24730 789177 48083
381712 620148 380339
224936 337410 941239
381728 -175796 233277
866557 -552090 475497
428028 359906 977623
831916 -869928 773979
256877 800320 75789
237322 340940 20869
338901 941065 595732
240131 309945 119213
919118 -865204 937605
921275 -54907 445291
669933 774464 291004
603391 844912 871086
333910 -643323 386253
776312 -753978 14101
65590 -274683 99481
353212 989910 788223
769438 227020 687115
380546 866792 69055
549740 -616399 690797
470003 432223 76927
427333 685772 328138
717786 -56208 938621
178141 576784 621297
950178 482539 300635
310839 112153 400199
581569 -511619 663599
931369 -707018 12009
374922 -37478 357995
127116 -255154 251599
515094 75960 699745
963799 200451 630421
455254 -36033 887051
128088 953980 77945
884332 710652 66665
88597 849631 90195
569956 725751 539035
505752 -11553 793805
927226 -135839 35517
750812 293553 517391
330193 378417 426216
696923 -809407 974226
374621 -636209 760441
998977 829975 609124
585265 -251201 241621
384943 163256 532336
347699 331771 79615
923210 27132 371163
45303 -18301 475385
517792 -605121 554993
600823 -282039 186356
120317 -481052 392649
904035 -661464 748361
800250 465122 11681
367774 717032 230171
666422 143491 121805
944850 -350433 557357
882264 -588043 428345
828323 -135361 489387
602037 827665 259490
638843 252478 878568
91869 993933 447283
997439 -134554 776493
201712 -241910 35543
821554 -689442 704101
64265 579524 69674
281492 -386566 13797
170414 -514808 403695
110243 -245602 674703
554889 764880 675208
919048 690396 915581
25201 -794437 335556
341556 478058 350209
51815 -75172 620224
420251 38235 608591
450787 -27309 122022
601978 892505 437677
520908 -475208 221699
675754 775739 106445
411600 959991 582887
943219 -341290 854276
229637 213647 489133
153061 543753 38416
291022 536269 788255
326147 681196 885590
289826 232809 453659
132506 452345 279361
804231 861579 766067
163072 -917527 12797
769277 -312670 670020
404859 105443 269782
957178 970216 417931
839840 373892 457279
641237 260120 48901
963140 184554 822029
747461 134783 346217
940837 -85493 102858
305914 -486160 992435
149491 370902 253890
883475 231082 917203
702588 99550 776965
979808 459657 594655
146321 -195535 709133
55883 380962 507659
158968 605863 483083
645403 476402 865000
348731 -917369 141954
454090 980345 632609
806246 -23467 783697
271183 -831410 447499
962181 527049 5047
198773 736054 687375
221955 -794706 414476
96912 503936 158861
533407 725888 218731
121244 20617 124109
769870 -849121 643931
743059 190731 924828
481884 -938787 975743
357020 -960780 553433
61389 -104574 160363
233802 503309 881867
309257 -642698 622165
780887 -817039 724262
608925 -61658 54908
769112 393230 576037
107298 -652046 267877
130152 551791 428405
514338 -587990 661145
929148 94533 206015
294170 623335 176859
275798 -455955 602329
104616 -746580 845831
939494 712026 66607
209248 587793 908381
772174 90525 433937
562275 -697866 993133
89215 788878 654261
244664 -319740 431327
677045 -629800 276152
393901 455564 966346
514248 387352 195025
258832 -753105 998947
370341 -835041 65207
855216 945023 838975
159609 235721 558601
455230 337083 94863
467297 6016 710518
688690 -752478 864199
664043 -188259 654339
681263 120198 449231
26039 -79604 285667
60426 215571 78289
356808 326622 211217
176549 -400261 285951
394428 -828884 98191
824841 -395464 567085
306517 331042 475232
294876 -312151 849305
427143 -536544 92908
808409 -365955 29159
417251 106447 969139
61616 -77353 946703
254229 -637399 225662
100788 -840866 402535
968261 -788097 696574
903049 -903751 117252
537340 -624441 923481
283111 -84811 396920
26997 569341 142363
104314 725331 635
624821 281240 644644
169249 -310046 84893
440893 701946 11606
512641 409876 191540
371126 -843887 214051
182016 -204802 642469
546042 718454 761615
950586 316028 123875
857187 55317 146468
589629 663460 569020
233505 -709001 596648
983643 921900 200480
813620 352011 884273
63825 -616841 261292
864716 715685 706679
354307 632596 732567
950863 623056 175155
972568 93352 176877
191900 -932586 103119
7737 -669085 129817
626876 -873895 379313
268057 -304647 66692
271391 -377537 646846
874705 -483026 658676
123818 476471 582935
33330 -917407 950819
847035 -89600 104984
831892 560467 744731
756647 -264695 816240
862141 550412 68763
384450 422644 160019
439331 206900 811712
582664 968252 862393
967752 -549954 821821
854216 -622968 323165
789927 288389 854650
116717 217339 941324
579147 301793 710665
378121 -213688 806366
580977 -337406 847052
259262 -948106 390939
234752 -929453 135309
102857 657199 171292
811044 -981381 85763
113387 465545 282247
480722 -651545 778817
828476 -414785 727841
234118 -102978 978179
197359 -253300 993768
241164 532794 852713
676227 520793 222743
263645 171649 499114
500927 63514 412557
726536 500804 935023
865631 -794586 221394
754903 -111642 407186
942898 505260 443427
847858 464916 24015
900936 841448 281711
37949 -688069 964340
233829 -580242 740219
415568 -943459 81055
556669 -796294 763243
706517 -89976 770096
763803 338116 512671
632322 -436212 449237
985684 405232 16363
345994 -118399 633663
24135 446723 769583
787175 -888264 770014
445043 421138 189494
302533 741651 327199
768001 -401157 289092
952796 759025 909713
681586 -517071 355813
601414 827930 549319
44724 -224947 297155
888913 -845364 220733
726879 800168 129110
92004 -93281 518065
371425 -833347 792042
469670 -483955 579533
978100 353968 533837
436896 135263 768241
700006 702371 4141
1000 546998 824393
130708 -605053 399005
508045 -110007 128577
417183 -323131 787745
857829 -367740 415760
253551 -932731 685978
782206 -344291 741911
810978 -538101 340019
572103 -369633 764642
940870 -80924 735129
170874 -519690 903377
936981 228643 920887
406169 341399 600810
38068 -809202 334993
869094 886952 205691
551633 964113 19438
591274 409691 540675
264320 -211539 766537
578703 -706569 556118
604914 -774344 718297
819803 -76037 487255
664120 -813494 808227
282657 391785 751253
166642 973993 241823
287916 -382836 535159
993938 -844912 50763
107109 -837784 690974
120626 -680175 63207
679451 447268 121070
579063 -639545 771746
848725 6200 932129
430227 506199 762044
841694 -75998 664595
74268 -331380 291403
799941 -570552 223780
957321 873147 90347
995165 -541266 674659
156561 650995 905428
712760 33037 307893
598474 689108 293499
808945 -854880 810881
713995 -994546 716219
136635 107368 624596
736350 -499430 474409
80189 -183039 33122
303204 -294309 306041
79161 -433817 357335
752758 179311 284033
850726 210318 903125
745418 940979 154485
834899 102857 256161
311955 -527791 892879
845586 711984 762179
69484 905863 220061
614377 -702 991867
526211 902322 460944
330777 -179016 368585
151838 219816 794275
900520 -95783 737303
777548 -888852 955149
169258 -854209 345331
442590 -737546 78907
724491 133599 550940
842993 -755743 569590
237770 -512798 779693
276714 117048 768259
139972 -284233 268557
998837 895735 137638
234477 -931306 299186
644235 417350 655349
702583 300646 353347
837089 813476 809959
389647 -784933 816725
940439 246961 448099
18468 -714380 413365
487600 -290298 919101
702522 466102 111599
484392 -97281 458239
218943 729630 103157
980867 -369534 248079
526316 497954 260749
15949 443974 199306
100401 270534 626429
552851 630217 825150
878665 -52063 375207
276649 903200 142744
222401 606087 387762
741712 -635646 859275
64807 -101805 528265
939329 888441 281245
174768 615175 236015
609976 -120412 324637
757560 -408399 330121
105506 -77891 21869
592704 -561002 18791
246754 -573900 519645
597828 97589 241807
379446 112874 777533
973405 -53800 670704
340934 259536 644181
464811 -883025 853976
538879 297314 333697
660403 720870 375824
335499 356614 110104
330761 -573526 492653
785998 -597227 676977
969230 -730310 803679
205844 -127137 974833
768154 805617 51335
435946 236119 927943
914414 -720531 152373
919382 882397 92925
3879 -603926 379484
191956 -377334 623821
737672 -681327 608375
698759 -291281 650550
690038 76337 211839
601865 -910705 843066
598321 898961 616276
599579 508017 732802
831519 -678252 449077
761686 414616 598949
141586 -865507 28533
882386 -566752 343659
205178 -193612 941349
974108 -407042 850277
1635 472139 894998
398577 523934 837959
349291 797161 721283
283570 231385 826787
49204 -660027 76325
736825 692612 172664
100195 -328921 241488
874814 -230749 82327
381414 -334993 347665
208256 513063 738675
929132 -469644 479359
49377 731955 637801
19804 -390790 746301
926013 -277787 73259
826422 -588782 803903
490363 -680203 360445
335400 988662 209951
769009 -541961 971094
5630 193882 291893
38339 102890 793145
83857 344691 847246
450080 -208548 912459
382881 -854095 846629
110331 -127838 202205
77764 -766054 631509
469725 264813 551926
669425 -662971 871203
409993 82743 695691
76120 199711 611079
942577 759244 84550
87206 -789812 902297
248871 -681770 950980
273116 968693 232513
457364 797250 597125
209333 867563 395893
759082 343161 859257
789500 131220 535987
407111 -461270 321889
941475 390729 842522
589776 668202 731317
198864 865128 393521
194110 -966921 896561
566252 297117 852201
676442 716589 18171
118173 -738754 490724
571282 224918 248415
611925 297814 360556
870210 -642693 395233
20308 593626 578649
889995 224899 290704
492969 71781 430598
795889 472217 785857
96947 143477 226694
960532 -561503 853089
511575 881962 842038
385727 398849 912940
940327 -47173 977706
221419 876921 14009
945912 -528982 550943
737002 -253810 705547
390491 370492 160145
463054 -525512 703211
453934 323031 857501
590683 314501 148993
359615 -724723 725682
583957 -654091 319153
727812 -966306 666065
319117 -678879 682641
233457 722488 899410
348461 946859 598939
596352 670893 948121
921367 473179 379613
391166 -515386 156935
383655 632339 782641
647374 -839485 842755
591410 -277030 589411
998461 -387080 393134
800446 266224 132311
705406 88186 121837
486969 3393 63116
38807 427138 970001
28163 786027 169254
849208 621737 690855
211477 841525 59993
838793 532592 706761
433693 -311425 761004
974913 805814 461924
456498 488207 160189
221091 -528522 542483
522457 257850 33516
341859 865579 136826
107899 -284325 724732
600052 899164 968473
667566 -982404 392663
745285 464783 809518
33815 303890 173893
671139 -471719 665939
448616 951015 232227
177079 -225707 340302
668847 -239315 810499
604710 18859 502229
719256 869453 596795
124455 360048 806962
280222 -274905 596443
726338 185940 181733
856363 -928704 772392
85473 864567 383636
588485 101671 526063
807363 582434 374654
550539 184831 522152
793860 -225678 798103
69718 -697349 108261
190827 -253516 51164
573509 -961963 745880
984481 -799430 877180
706456 383975 929595
75420 -502139 778321
259821 926870 938236
47847 -251130 400598
777587 -691389 376543
448267 586033 995700
277672 -834697 211495
330334 64931 266189
581202 -502103 483643
202884 -952576 454537
990219 702564 201533
693927 91916 382937
1904 -984074 234347
103927 -383507 242235
547498 679391 301605
695817 387119 503702
716662 -895735 327239
561762 498715 178679
455106 -60438 755153
774978 906413 763225
834803 -629817 426069
921040 385495 673981
724547 513886 585791
484308 -311650 307441
794203 27844 127919
768439 -442583 769704
709541 -932368 393249
837833 -824011 286564
972230 649642 101719
644937 408638 518717
975708 -468464 326857
142480 -496123 57829
12387 -652021 518206
457352 -764147 550769
237909 788541 718675
223328 246754 408195
874492 -974542 405099
842698 -365890 740153
191248 525433 490307
526001 -891026 194256
476351 562455 393981
632709 970704 811043
498804 -6328 893695
624040 957118 650283
707377 640074 734168
498413 -259992 113964
521235 -12294 207971
394993 708449 30333
71298 123538 440639
463977 -206095 925606
731582 -418420 300371
690942 -123819 209021
204392 -62343 263261
350047 442464 742155
289495 909237 162548
834823 -872516 772586
25576 585150 48583
267688 327849 536221
359369 -184170 625375
873855 -784916 910708
983552 150435 539343
141566 -748845 772981
153430 422251 403529
881480 208670 813181
396729 961758 806992
941260 558643 808971
710141 -371982 994591
239106 -415249 704195
859535 224717 408312
308176 91226 828229
403467 34391 515045
38893 -265320 222956
48922 -492183 306803
369986 230123 218087
481269 -335717 776632
704557 515173 3496
884804 995567 207471
5202 -256381 815209
909911 21918 70220
888536 -614025 395009
859104 -409840 905755
431580 345959 445469
787391 -79881 873575
411556 -41777 711539
172685 849429 40076
947965 861848 979479
858227 262864 791290
896088 437881 317423
512302 -953466 306133
413883 521020 2948
506501 -695254 406102
68825 -955488 102467
712635 -230562 216751
717723 -355499 511838
904080 -41719 169423
909849 -786489 394979
463642 494695 264381
409938 -419207 448705
78443 743371 689329
154655 -377161 950546
834454 -823945 518875
846366 -363839 885875
754250 985108 828851
656850 654987 647081
31460 229464 244341
507844 960906 23587
117558 -353325 119549
606843 -30941 40946
306110 -113540 60689
786648 765818 579371
807571 59166 695402
217330 -697848 869341
666461 179111 188342
297121 -305257 658316
471768 -751588 935779
878652 467545 787921
555280 -668530 439179
159486 400177 166889
607061 -926285 384404
962863 -447001 313245
133980 594733 740693
643663 503399 520412
837167 -875668 256722
202979 -485893 754629
426810 -621409 964367
920177 894338 336713
640369 -154696 890161
725728 602886 888251
978872 739688 619367
395216 471113 848473
179029 127185 879463
421356 -921741 216947
411288 -517778 520579
84419 -191024 312825
256453 -554384 465083
874013 411570 328425
672842 825763 664299
696888 -561170 182855
245222 -772141 930557
933029 -424256 947952
797607 435887 877024
207968 -480775 958809
821633 -411761 884758
635489 496494 330517
144101 -825116 946446
457953 -973096 862067
691403 348689 686817
874340 195308 136661
679972 -664473 124787
992178 -983934 187241
926239 -490139 316561
955425 -842644 113644
838481 -992702 404126
882338 292276 367815
587055 -456951 693668
31526 -756693 15899
849430 267713 716543
619784 -27319 436569
689997 203866 644923
632150 -4039 909629
431677 87943 933940
697773 442928 437392
865501 -89407 357185
667827 624401 117526
610269 -930530 472565
676472 81421 185179
185607 794978 671551
411416 66624 616853
730515 -20231 917227
399523 -417659 418141
983477 -372659 83712
581040 -214238 335429
413476 880830 370371
746464 853191 975835
628247 207598 982834
464255 215580 729063
408847 -396319 721810
305163 155979 424891
220651 -93367 528329
631128 579538 175523
187279 -264309 610021
478843 -735737 890787
345147 -389766 714613
925368 680031 875131
528441 635604 596008
389451 584338 647608
736874 518269 215443
176582 -216306 943809
859717 781966 88968
581550 -893323 751333
280943 90175 377795
759002 542368 293415
410698 160559 93053
929453 -394555 530136
299868 -304440 303895
435048 -854861 816595
791422 -796457 436201
714173 471162 178539
693148 59137 365861
237064 -758783 476623
381753 32409 823975
280944 -97951 711065
999674 28113 832489
555095 874316 422444
847373 422274 554733
511113 942049 499004
192553 -495836 783771
825039 203826 984265
559703 717180 779540
557543 -262553 657456
134259 -345086 297308
451175 -8566 331834
147419 -502718 813980
887443 -823920 384432
756513 -601208 435491
740578 -970739 123345
34646 5236 591305
198704 554880 537971
342924 230245 778075
48223 -365964 69911
320914 981132 373861
624981 -350219 524236
474489 -729817 886094
871009 641974 31164
801661 520086 573149
111648 -758491 981577
287086 -425123 287399
367565 -91789 417941
246153 295292 872786
131054 538931 221245
101209 -899462 692078
517093 342056 140678
991251 74469 770723
857597 9574 693241
182433 81580 321802
300110 -518584 840651
267288 -452902 842837
963719 208477 873875
11132 -846818 453573
543617 -27419 304999
600550 938618 717317
989056 -541388 135275
37384 756203 420535
167730 -29832 371749
432356 -203333 966955
351053 749331 425677
94759 657157 672573
218027 61856 704733
564634 -771708 900895
239129 588380 721866
116122 -341524 943139
896053 6122 111536
167697 867509 5200
811664 -295374 935883
629257 -612413 445757
640525 -930533 474674
868177 -61917 164088
941842 -84239 900819
278563 565497 809415
549227 -318573 502951
856069 -835838 227085
145528 -719767 795013
948192 189732 888313
70030 170341 391503
509545 -225166 130707
942867 -169886 628978
588542 793671 581297
381328 -42724 960557
968568 -820908 772477
233340 660592 588953
803760 -793657 996017
917921 351633 2637
168251 27150 216164
43530 -923868 467189
969171 672338 765860
402393 441995 22153
494658 -510095 425815
628655 -144648 976163
218820 768954 927551
393851 387412 49946
947655 -773872 539248
888708 504166 852793
536874 846921 367925
176695 -954041 323857
217404 659807 354875
58290 38281 106933
777481 -388893 425086
599100 635640 137987
98770 -849258 587837
335594 -338957 743297
646440 -588701 889219
21194 698465 217287
66474 -110240 858457
206724 601596 142963
883353 958728 135587
375635 863821 401119
390831 -391630 302816
620979 -823165 673612
868124 -429144 244899
917574 -480531 69971
237750 841026 200231
904866 367915 835595
28512 -892855 470245
325325 984706 545976
1574 -736484 651429
772126 251602 9927
16817 -477574 319956
766912 642032 548969
850185 996848 514838
652249 -78403 564468
407557 -447960 687288
208348 -213858 319021
973509 -277856 687899
733870 504556 179223
914072 -802962 118755
579126 -146279 937187
47176 -842079 413587
408065 653455 998121
265762 -126590 221331
63162 -277047 593375
848978 -943009 8273
243103 666148 939889
312384 267477 442327
68957 -825122 703543
498713 -698424 917615
29135 -137986 932473
2858 -74305 744133
314888 -161299 622765
221062 -169135 353489
427406 935227 926917
424623 337742 686125
397309 603652 957270
608771 -782618 650380
157482 -764287 504835
313342 631893 762745
548683 742279 811459
306042 -520404 298651
625018 472378 788541
656806 239644 615147
882077 -591280 512126
16690 -994039 267191
775626 301077 919463
347219 361804 572365
627337 -483521 282328
941739 777647 641966
714329 145278 843054
136604 -352937 157025
937789 403263 196427
121851 -344848 944522
416525 -904036 992671
834356 642803 782385
746570 856049 994237
691895 834150 453207
392056 993850 755233
871654 -695251 688949
644279 -393678 138349
188038 993240 187177
463273 739361 355038
472890 625668 177041
803397 849918 372235
413390 211014 87909
955605 -537964 832526
205110 472226 337093
9648 95251 44023
688310 832895 263891
793141 743820 321809
962017 -695537 32407
174239 -331958 346589
713740 316346 109709
947442 -348394 374959
86214 -563457 452923
358614 279625 688619
930172 -90836 406377
217613 394820 257834
62952 81075 671729
136039 -740335 241145
769067 -679249 526501
614785 138821 91272
548785 -713717 756343
385601 -162959 631410
266084 321155 153337
101182 -619896 402735
747453 358947 347737
736931 497444 393375
945074 -85086 510837
499933 149841 276604
769323 167509 457583
981213 -81102 784729
888655 -670907 575307
737923 -900635 900398
821329 -673805 505732
862844 -547452 962631
933608 173439 942787
132641 344289 493726
693826 -428432 241167
504525 692777 756019
701417 -940189 771590
487474 -198341 391953
361664 -808243 671039
723767 683807 616291
746666 -685099 511601
106883 123347 857029
463526 -470413 64191
673846 719910 3973
874984 841849 527799
384674 -598724 242457
62207 629256 321982
240225 -194902 252277
772675 -524377 831276
737453 769561 52597
494661 -31790 407554
31358 -342119 659645
873716 107472 322219
964106 587011 581921
494021 -121097 38619
18791 433672 333821
679949 -521965 830836
493583 -638143 919690
198240 758187 342859
965764 297500 775819
919739 -329900 998377
439464 668461 602965
264112 182605 26897
613496 650210 758189
221748 -196598 918499
94894 -873097 170203
54798 16220 765335
154635 -663747 361814
844099 -837235 550697
48334 322239 278907
334430 -806915 210641
630193 -158096 599864
981745 -890682 744778
720336 -180721 693347
592932 -566470 558463
29854 -67599 535769
830712 -517853 77473
890784 790046 207161
322427 -418413 519230
640002 508414 75445
2543 -268699 19258
552196 796944 732871
770930 889083 498273
502722 198892 435925
775221 262511 821521
78376 317123 729011
679054 146642 150499
360995 81068 493406
290494 122123 78455
640617 -644436 366520
666451 -690689 741861
292840 824863 692519
351206 -928295 360599
661070 375108 627327
30961 470087 192819
375914 874503 905151
93651 -151705 623995
25865 560400 511527
525039 -783521 282373
618564 687753 7405
925744 730001 834561
713066 -530493 57069
441704 -149835 112387
133167 326279 666521
126090 159322 566977
228993 602369 315271
498785 606714 972644
573413 -214419 568814
994997 66344 576436
927651 430956 793357
317703 12608 722930
113413 -996051 608799
897074 -874943 13215
152719 -687763 66684
774441 -326440 974083
165043 146018 850494
288407 -917873 38845
235429 804667 501038
448884 -813314 880973
556748 680305 652253
973602 523244 688637
433987 -105698 412969
194677 -16805 356502
202034 -606119 969615