50
15 11559273
49987969 29470600
64063113 4336518
71085122 61848358
2159932 22559981
7103992 26818375
3002492 65670172
47620387 6649084
35614398 33393489
40932194 5359823
4707307 14752536
21199699 41630364
43099569 41468543
48743070 67168299
51433385 7946389
358816 72256110
7 3
1 5
2 3
2 1
5 1
6 3
4 4
4 5
50 8
2 3
11 15
0 5
0 0
15 5
2 7
11 5
11 11
7 2
2 11
6 11
10 9
6 14
3 16
5 13
16 9
8 0
10 2
15 9
5 4
1 2
7 4
3 13
4 12
3 9
11 1
15 8
1 0
3 10
7 0
1 13
16 16
16 4
15 13
4 7
3 4
14 15
13 13
16 8
9 6
14 10
7 3
9 13
3 6
12 13
12 14
6 9
15 10
0 1
1 9
4 26767852
133778547 89013096
16585953 68890742
99599228 86210787
144657610 17842857
18 2662885
10761913 54603564
58270276 34899706
30447818 6708026
54583964 15135223
16209712 15338642
26458699 36232766
1285395 58402934
5547642 43864784
37205920 39829824
22733015 8004192
39834393 53267719
58403578 58459155
47357703 28917994
8672233 46875606
2366858 31191036
30086327 20491099
54822865 53925836
15073863 39578289
4 1
0 0
0 2
10 0
10 2
13 33296393
56005174 13634790
76339596 55271040
92025531 18529809
42374191 53265934
44751543 73640280
45594365 56980375
76044702 72827002
45655098 45276216
74230520 2977890
85227714 90923031
9614808 7149158
49576581 65079653
86287062 52178966
22 12831146
55470245 9220616
48539025 76324648
52157672 42587837
7967047 2278982
8587601 27351620
53252894 21691206
37065870 52857632
4064038 53388249
75452122 51130683
5786342 41316092
30489118 83095143
74617234 47597071
43776239 53361689
24567476 59777734
31800666 63782875
41902752 29336853
23327228 17952056
27563990 52830840
40566403 36072460
24175030 77005525
20902550 19145698
48532158 60465340
18 1
0 0
0 1
0 2
0 3
0 4
0 5
1 0
1 1
1 2
1 3
1 4
1 5
2 0
2 1
2 2
2 3
2 4
2 5
29 49417835
103462745 38816746
107287137 46760586
41255211 66455603
93945148 1207465
183953928 18560827
26262740 142574084
82233619 113104265
80631481 175095914
115067248 147371233
43613470 13095743
76354275 5852674
157464217 76266605
208479 85320644
63956129 149182354
62109033 151526104
40906429 22220280
18916307 178915171
67762599 40994510
33900627 142124003
128637596 114425138
7303393 4361352
52487118 32987035
119592346 151930261
148126072 51951753
20070324 105413966
5829420 73483459
1033500 12435467
143218615 158818296
133786286 113876527
18 1
0 0
0 1
0 2
3 3
3 4
3 5
1 0
1 1
1 2
4 3
4 4
4 5
2 0
2 1
2 2
5 3
5 4
5 5
24 3344937
21289585 26274613
7062274 26646895
48560245 1025877
40975875 11119135
17322804 12187835
26593000 3997900
26371100 38810501
40675593 29236984
42637554 9661348
25533491 41352394
34183254 8478090
8065291 29405575
41097022 47673667
9865294 39088031
13176181 18975489
36334608 333255
70567 46697156
46468509 47108149
45543068 38600997
18836736 35675383
45667202 6881856
157090 16837617
32280162 48816700
48575113 12709361
24 161816016
306338309 365381731
424327598 416531604
3553141 363842467
292243182 431520909
329168664 225594959
357710809 382342346
207259156 390470585
91535818 35280523
111238784 235091408
228157016 121497037
79068730 56818217
321041021 319630520
194277208 123742805
335515600 93103064
377969409 429217269
154516505 103562748
3248495 233114763
318297589 424585562
362770028 88383598
320503558 366204539
78103846 286627537
124548872 418250461
98566453 169043862
421706600 18429986
29 84829900
205607117 193158018
34446166 244579642
175646855 139422216
310603429 266352798
253170422 115954080
347021504 210725269
54817960 59724869
266894959 74801001
176120722 319405355
150660059 130563161
234489937 277220508
107137637 250743234
343320587 347654964
229023891 106970154
29510452 263129653
68722853 282489705
197796717 311942984
131584838 216200501
184215686 73353489
332749470 60420936
324014116 44836333
190892484 276161456
282860670 354623243
109246673 214460275
81875969 296759844
312095120 250334940
271243668 143099032
109363793 161994278
325028853 347018087
13 82713709
372607192 14993099
413046208 132356307
298290843 27854176
350415177 99025014
359338019 273092557
227716992 292919104
59782216 197146888
272196645 156887583
351251812 106881017
466932577 213126952
32629706 374061417
336701906 439870936
196818406 194049817
21 70206200
186284929 157469539
178939529 167787874
193225634 120763746
118054074 45259652
15112324 209008137
205197914 49762755
196556587 128518781
26228270 2643502
53833011 58905486
168585635 27863169
217232589 184949275
206841654 221715441
96337013 82324455
109275095 195182568
118620347 127939870
226600736 1184479
51235093 122092067
216149310 21306617
188947936 80676741
103237881 144166093
204533 9993617
1 1
100 100
4 2
0 0
0 2
10 0
10 2
7 3
8 5
3 6
9 2
4 5
3 2
1 8
2 8
50 8
11 8
9 15
14 17
2 9
1 7
15 13
16 10
9 12
11 7
7 13
17 10
1 16
7 11
8 7
16 17
15 16
10 7
16 1
10 0
13 17
12 17
3 4
14 15
2 11
6 5
12 4
3 13
1 8
0 8
14 8
2 2
16 6
13 6
3 11
8 0
2 5
4 6
4 9
17 11
5 5
9 2
7 0
17 0
8 8
8 2
0 1
1 6
2 14
4 11
15 1
50 17
5 5
6 9
6 5
3 9
2 0
6 8
7 5
10 1
4 3
2 5
3 5
8 10
1 2
10 3
8 8
9 9
10 0
7 4
3 0
0 0
10 5
4 4
7 2
4 6
2 2
7 1
3 2
9 1
2 1
0 5
5 1
4 1
2 3
8 1
9 8
6 7
8 0
1 9
6 0
8 3
3 3
5 3
9 0
2 4
9 2
10 4
7 7
9 4
1 8
1 6
16 2
0 0
0 1
0 2
1 0
1 1
1 2
2 0
2 1
2 2
2 3
3 3
4 3
3 2
4 2
3 1
4 1
3 1
100 100
200 200
300 300
50 20
8 9
5 0
11 0
9 2
4 9
7 7
9 8
10 7
4 6
9 6
5 10
9 3
3 1
4 11
3 6
6 4
8 0
6 1
7 9
7 3
2 8
6 9
7 8
6 7
3 2
6 10
3 7
0 2
8 2
6 11
10 1
6 5
11 9
0 3
3 3
5 9
11 5
1 8
11 6
7 2
7 0
1 1
5 6
8 6
11 11
4 1
5 2
8 1
0 9
4 4
14 2
0 1
0 2
0 3
1 0
1 1
1 2
1 3
2 0
2 1
2 2
2 3
3 0
3 1
3 2
20 79196893
234700243 181244064
232840960 343910655
95776799 305873030
26844174 273909324
192074788 43951482
270255228 255244529
5656752 328707105
254807740 92838096
87950064 167511517
247408608 70069050
192721478 269587242
66537223 217541615
195412733 326596929
189146902 291740875
353135621 169605473
168075353 273795140
71717751 292435829
123300591 123575426
184187092 7128721
294591004 302655224
17 34928566
1313135 106702439
209962035 115072475
219823685 102466555
40876057 214935127
106557378 122212976
125725808 198245890
218263975 23556843
96722127 212637928
200366410 123312764
8919307 73007141
219174299 221157344
95482319 39594491
35971086 137353042
235737514 122169723
76174175 94329459
116206216 34607766
67160281 163338071
14 1
0 1
0 2
0 3
1 0
1 1
1 2
1 3
2 0
2 1
2 2
2 3
3 0
3 1
3 2
50 4
11 6
2 4
14 3
12 11
12 0
15 10
6 6
8 7
15 15
14 8
3 7
9 10
11 9
5 11
3 4
8 2
4 15
8 3
14 0
13 8
8 12
6 2
13 3
11 3
13 7
7 8
7 1
5 10
8 0
12 1
8 10
7 15
8 8
0 3
0 11
1 13
1 10
10 2
6 8
7 11
11 15
13 14
0 8
2 13
11 4
2 5
5 5
3 11
1 9
2 10
50 5
3 15
10 16
9 4
6 15
4 8
5 11
0 1
16 10
17 13
15 10
3 1
11 11
13 18
13 11
13 17
8 8
7 15
6 6
2 4
15 3
12 10
18 11
17 6
8 18
17 3
5 4
11 2
6 1
2 9
9 10
3 8
2 1
2 3
7 9
12 2
13 0
8 11
3 4
18 9
16 7
11 18
17 2
8 12
16 12
4 4
0 2
7 13
15 5
0 11
14 1
18 2
0 0
0 1
0 2
3 3
3 4
3 5
1 0
1 1
1 2
4 3
4 4
4 5
2 0
2 1
2 2
5 3
5 4
5 5
1 6583114
112222962 83166220
25 22732507
60577390 4437494
6230423 31330397
51887708 31933995
1825734 26141505
60486128 35249030
43955744 64555321
79082221 12448013
63583240 70873299
32742397 23757754
61237690 62173739
31170681 56348192
44344512 20485848
62709329 28449876
15709283 52233139
15738778 32305843
12136267 7567217
911724 26973594
57211718 66261140
18975257 24607680
77847562 77426846
16161744 18219568
30677162 69812641
79163490 465377
5316132 4993634
41529121 41099507
18 2
0 0
0 1
0 2
0 3
0 4
0 5
1 0
1 1
1 2
1 3
1 4
1 5
2 0
2 1
2 2
2 3
2 4
2 5
24 14290817
177298630 158362378
160700043 248349761
1361217 107314709
31105407 194337965
74715789 171567611
247995899 61576752
33973634 165249540
115416185 189148023
91829556 192843757
232906885 103773983
231824483 204706246
42012469 183770476
153219011 236423394
151369879 32531844
194008076 238320900
132931631 224478509
136117158 121188459
29697326 901920
128795621 92026980
229221428 84237017
244816268 81027966
4365573 176098776
40683963 99750752
77644842 72827102
14 65824308
322339524 392308135
80393748 236723686
103703891 26704193
227463815 164092728
43069342 229613918
356909917 269369496
69549696 245992713
201760623 310858085
115017493 346947619
10303184 324619307
144053359 362186517
304504014 371809684
156153449 324841142
5263434 270150657
13 9509776
11096878 63489342
49060702 55508332
23618998 52252892
3891449 63928292
47467711 13872270
6058434 33984093
1663745 51854366
49756843 34828937
9046444 59272788
54810047 17878647
30774384 18220628
27014896 61833398
21402968 45600085
28 7010298
20259010 845744
28887952 28986004
1638618 27969512
43477242 54794457
17324934 54103948
46135454 48357062
18166050 54103977
22425308 15872568
1554006 8463319
9075641 43835253
23879253 45583195
19155511 52813269
28573311 36008541
31329856 33816781
28299879 40743296
14062012 26414169
29273006 6968099
11274178 30489222
46660174 3307444
22164714 20591065
52308531 38543916
10298817 12145951
37801155 17437866
52073622 3637010
4880511 11939440
7275249 46476581
44435393 4963060
20003619 21673261
50 6
0 0
11 7
0 11
9 14
2 2
3 3
0 13
6 4
11 8
2 10
11 13
0 8
8 3
9 2
14 8
1 9
14 14
2 9
3 7
2 5
0 4
13 10
9 5
10 5
0 12
3 5
10 14
3 14
10 6
13 7
4 1
2 3
1 13
3 2
12 4
11 6
11 14
9 8
14 12
4 13
4 8
3 8
0 9
1 1
5 3
12 9
6 12
12 11
12 13
8 13
16 1
0 0
0 1
0 2
1 0
1 1
1 2
2 0
2 1
2 2
2 3
3 3
4 3
3 2
4 2
3 1
4 1
20 83366073
101289106 201127681
213750180 36378624
87522852 172669440
107231238 19004710
85088107 98639349
215141471 144328554
29222061 136667747
85230688 222650559
31805306 223940566
161147578 5177192
120043459 208918199
127005633 87047323
41184973 85095233
204242491 173773696
96608786 224956366
68443019 2909657
120276852 160641419
222557365 111785467
179344863 61264651
90357581 175854202
23 5358370
25783697 4468986
68940686 22443596
49449993 58321103
9359185 44343306
18817395 69254687
22353944 16709095
20103609 1996648
45021801 67382437
14626103 69205710
33721422 24434170
12842568 2323165
20633026 43364027
16264900 29030104
66607439 37005294
4348646 2779950
17396385 60297
49431401 29805964
30839973 52950994
22011579 18240012
4545502 57843557
2754784 49405323
20655300 26052180
54227686 6744472
11 13559512
44513896 31350108
53439870 97942270
8698092 84751062
59613819 44379004
78371377 74595926
73549011 38656019
49250207 76916163
78367409 89743385
26945028 77671836
70652359 88058248
39771707 78236253
4 30840691
38788369 973176
64753887 105840132
73680748 23171496
18881345 3309159
4 6606879
5445586 18730251
48324696 30867902
40405780 39597402
50423605 84193003
2 1
100 100
200 200
50 19
8 3
5 8
7 12
7 2
6 4
13 7
10 13
9 4
3 10
3 1
9 0
3 13
0 13
9 1
9 13
12 4
13 4
4 4
4 6
1 5
7 4
13 2
0 7
4 2
3 11
10 8
2 7
5 9
4 5
1 2
3 8
0 8
10 4
6 7
2 8
10 1
9 6
6 10
4 8
6 8
7 6
4 1
8 8
1 10
3 6
1 6
8 10
13 6
8 13
9 10
50 4
9 6
12 8
6 0
0 3
12 11
9 8
0 5
2 3
2 5
2 2
7 1
12 9
0 9
6 1
0 2
10 12
0 1
12 7
12 3
12 1
0 0
11 0
12 10
12 4
12 5
1 1
3 1
4 4
9 4
0 10
3 5
11 11
1 9
11 1
3 4
10 5
10 7
8 9
8 1
7 7
7 6
5 2
5 3
6 9
9 0
12 12
0 6
7 0
1 11
4 10
7 6
8 5
3 6
9 2
4 5
3 2
1 8
2 8
30 41793459
223294886 146042859
84783779 354066225
154194329 22155939
241063374 378428107
337995793 28609332
133610192 223700627
231707604 104570687
177541129 380767987
284583231 377671962
285218990 191821678
194689500 10504997
236460909 362014940
59337764 82182209
70255289 49292279
315202867 28995368
62277954 366012369
18033022 327928847
383725395 379834917
88711356 76395979
35848779 73212616
304658545 94887953
42568245 250928063
18348824 152001927
8170602 144105324
69912533 104371956
118467549 43313875
22287663 350724206
218049103 48457960
206681004 112404667
112674347 38598563
