5
1000 1000
1611 74208 95227 71521 80604 15653 29341 96836 9193 53247 86343 20974 1318 5967 33936 9081 53176 82525 57399 26377 63980 10571 90319 3859 45684 27718 63687 16248 79871 49816 96725 56623 5012 14715 95422 65345 47179 47176 21828 25838 14600 71566 2957 205 26805 28862 6092 3920 82362 88258 9166 13574 5372 27470 90499 32569 70863 46254 50790 56888 39225 41791 28075 71696 60005 62267 64933 86099 45281 29164 72753 78490 92532 33345 99170 48134 45471 6526 74409 82050 21135 47917 94017 13829 32252 92787 95541 436 7938 29246 57839 14564 35801 80986 49245 29789 89939 4515 3458 14170 24785 6036 82838 88876 67874 35582 92379 39135 7098 77012 98941 19572 82123 71779 39845 37837 98466 54335 13179 45735 91936 58905 49237 22017 24851 14605 60704 60860 77873 36599 88393 79867 39857 95077 12233 7177 50629 47784 87563 86489 48920 11940 98139 83528 58048 5287 96877 75360 97632 91478 94823 44150 81213 20931 79084 24659 97083 3931 39302 26191 76947 11964 5071 75193 49811 61955 85725 82899 93554 78243 3111 17498 74958 86354 23864 87460 25348 43229 41934 37026 47019 88188 77359 47237 27790 66336 90666 23229 96932 60393 74661 66716 98990 55349 14888 42872 81516 26770 79205 41200 85180 68756 86659 26694 55920 14561 42086 89963 29643 71338 75132 93336 20216 27669 56966 50296 57766 38037 40385 5731 12196 71355 20528 7397 41429 55878 43400 15262 56784 97173 60024 81538 91128 55837 6162 81696 22322 1335 30298 34688 62184 99153 40171 1766 32057 15780 7872 71731 69050 71333 550 99146 82509 90165 50107 66416 8797 85843 59138 85228 64947 70386 26823 2127 22008 42149 59913 27309 10888 93686 15209 69833 38287 32886 89902 51215 6947 76974 35026 43578 22813 88084 86604 41238 46485 19706 20698 69471 56185 1473 35915 23145 84073 56619 3271 28473 42067 87245 81916 25904 73350 75043 10790 54344 15797 23197 6297 76311 48490 46327 20750 29873 21444 1255 34280 59562 2030 72783 27842 70776 76349 20339 40439 25847 29126 24228 96685 55142 75482 23003 15262 59566 3936 49313 31205 98339 11757 22155 49346 5411 76162 64899 21674 58076 61985 64097 13774 1386 29229 60600 85125 26334 59710 95213 5305 99130 17950 49923 94187 53240 35171 24850 29924 23243 11017 32758 65722 88349 64779 13219 62235 80343 63294 40373 92344 9151 59723 91334 10193 19867 6278 59961 93497 10389 97999 31860 90822 50199 11365 90698 7415 78549 65602 52950 59490 24937 42039 17508 17817 61242 26436 15817 70872 58902 58452 11027 26414 6238 29011 47002 44806 13025 69741 23030 3537 47680 93509 5162 50449 66481 40270 58943 22052 76192 60938 18379 82315 46095 21788 10192 69782 50397 61868 32129 72399 21797 42711 7679 26399 78333 87087 53346 93377 86271 87990 49458 99937 90757 62931 82710 36015 71693 55919 53859 61318 36892 75183 72086 37972 76319 5582 9502 60582 44076 19669 84816 68978 95047 68442 17085 38176 20673 96883 78945 10709 31258 93429 52018 95293 14983 12205 48601 70068 33679 48954 97949 39826 17071 78726 45882 71761 55453 82271 26161 76636 34282 5334 44121 39637 78721 52242 96147 14051 48364 98226 86267 37815 64757 95198 17306 78809 52938 73256 85657 29076 33146 93509 58736 76666 41340 6882 38236 47221 26478 75812 5358 84780 10523 91264 16992 59278 74774 31124 20259 77054 97667 30880 5621 98938 49269 50660 43598 10794 52178 79032 55961 73634 65938 11010 62975 20884 39910 85655 82910 21301 61174 11121 11705 96394 44067 50473 21802 53839 68395 42034 31539 93667 34986 11378 86769 79316 39069 33725 6481 35586 86851 33135 39805 56819 42684 57158 77871 1587 97331 33146 96998 1989 62008 65914 65718 24650 742 55781 43322 53580 77635 11809 4837 33320 48102 67099 91414 60087 28114 61947 85289 91223 74433 17763 7561 30490 54684 10373 50180 3019 21670 91006 77208 54136 71385 13875 91881 56576 44232 22822 7892 31579 21955 5045 97277 18080 94169 58735 16165 1239 3256 38708 952 37532 50096 28936 49954 97036 17045 70835 32449 53584 57731 46008 75542 20451 75356 75824 1877 14465 621 67618 2364 7630 26350 642 15585 10047 31848 76355 70852 98057 66610 34042 98307 97317 42420 977 23019 73533 30892 59108 47020 36054 55310 79771 8774 23385 94566 43973 73056 54111 64377 38765 82423 55609 11689 6140 15987 56250 59256 42091 54613 69249 48772 84322 88877 50566 41329 25586 86057 1344 8356 7116 69863 28081 28651 79676 94475 49488 87898 63237 62060 15920 65584 84314 57384 72465 67800 18966 58392 36643 34155 17241 38271 67635 22003 79648 54460 74452 69259 41920 21566 71915 94626 1534 41495 374 91070 76046 22729 14649 28892 71174 48285 10951 9430 42333 64371 21738 83838 78310 71124 85968 69159 48707 75299 89810 38851 49960 45778 1761 75366 88558 62640 10575 72905 50352 57472 43288 46187 4037 19813 77227 7442 23898 92377 49144 48015 31563 18973 34936 6687 60126 41003 20596 25518 58205 73799 24723 87095 93582 41940 8771 262 75536 87874 43843 33726 20084 6085 81898 1494 81110 82146 17592 40734 2646 77378 64120 71583 83992 20681 22030 44064 79124 30336 20995 30982 32442 7758 19465 70131 2598 4965 90733 82031 38395 5497 93913 90692 79808 18348 57859 42307 54484 67620 14613 74884 37135 15870 47449 13834 75638 3995 76289 93765 4954 82776 19185 45297 7022 9436 47498 87324 63363 74987 48563 96293 8515 39608 71109 97056 79366 48823 46900 11702 15123 24495 3029 12169 58615 68686 65041 31381 1147 9719 82565 99377 79717 25271 43698 37205 36846 35638 30567 72502 21147 49832 77609 74029 98170 5635 42589 90485 40059 85099 75826 79763 83592 12264 66126 14480 4323 84345 46515 93506 62939 67330 72749 35913 88042 93473 33050 70709 91053 62271 12119 16068 36257 17857 36804 2505 23894 2366 2771 71368 90195 37163 26098 22590 44199 7250 3633 77662 18919 31810 27762 46070 53224 99423 70222 1776 59291 33114 75902 55668 69056 36443 47916 28907 38888 42458 87190 69374 6187 62382 48955 94845 16898 91901 20550 57915 83715 18418 71413 55031 5431 1132 95429 5845 34233 2642 44987 58891 71405 10373 68785 74968 75706 75086 4763 6254 6277 18071 41653 8112 58476 35414 11499 61783 95484 76419 47652 35759 
1 303 485 90079
3 181 801
1 266 715 40192
3 267 743
1 358 707 93973
3 905 990
2 194 608 87986
2 437 485 50961
1 75 729 860
3 129 935
2 563 746 88749
2 422 696 56896
3 105 845
2 27 132 78618
2 669 894 1616
1 322 819 19064
1 75 409 59689
2 364 956 4350
2 508 712 50518
1 419 919 62712
2 201 668 88424
3 337 844
3 611 932
2 550 977 62673
1 44 45 41725
1 191 537 58293
1 952 957 87520
1 86 854 10664
1 547 752 70189
3 196 746
1 36 119 72100
1 29 631 33978
1 279 573 93704
2 62 190 82482
2 129 403 64766
1 107 544 89915
1 260 331 58435
3 261 488
2 249 825 21964
3 241 670
2 68 807 48660
1 513 938 22392
1 796 829 53064
1 607 660 41017
1 601 954 48009
1 48 610 51796
3 825 881
1 329 378 88105
1 367 674 67366
2 410 426 66140
1 715 993 30405
2 51 726 14608
2 257 905 99801
3 15 200
2 466 790 11948
1 106 475 92376
2 351 739 1179
2 67 562 455
3 402 449
2 404 624 54831
2 340 467 38054
3 249 463
2 752 954 35827
3 227 747
1 122 183 45486
3 154 387
3 126 758
1 908 946 12293
2 503 873 78045
3 561 954
2 404 750 48856
3 373 869
1 661 743 63214
1 455 474 49517
1 306 829 36464
1 252 797 9574
1 78 485 1125
1 59 695 88578
3 32 96
1 423 599 48287
3 741 840
2 837 922 38961
3 222 660
1 463 592 35909
2 136 191 89376
3 263 709
3 147 507
1 503 621 72636
2 107 238 6342
1 161 967 57585
1 451 962 68044
3 78 793
3 334 634
1 833 979 72369
3 1 906
3 158 562
2 514 952 89029
2 347 421 81390
1 428 650 16236
2 456 461 60990
2 490 676 89623
2 20 914 28634
2 517 798 3498
3 885 958
1 67 388 39199
1 270 586 50012
3 396 401
2 235 989 93898
1 143 453 24182
1 116 772 3878
3 191 589
1 264 406 19677
1 71 666 5129
2 162 408 1474
2 823 911 73764
3 493 567
2 440 659 72370
3 794 809
3 47 745
3 155 402
3 334 856
2 4 653 28855
1 236 441 45040
1 351 913 19792
3 102 233
2 113 559 49618
3 604 917
2 301 493 3598
1 392 456 62977
2 93 107 60998
1 514 632 1733
1 165 298 58602
1 229 993 81188
1 475 813 28278
1 401 869 91607
1 651 912 99356
1 435 450 70074
1 7 473 39530
3 243 743
2 168 593 6506
2 175 768 79472
1 441 704 73445
2 577 878 72914
2 434 798 80295
1 132 978 3256
1 208 645 90386
1 65 424 94460
1 55 817 65270
2 607 888 77121
1 368 878 17949
1 348 805 23275
3 456 681
3 36 111
3 61 459
3 696 903
3 234 332
2 274 473 9666
2 41 788 63439
3 580 588
3 313 427
2 89 930 64631
2 40 972 24479
3 174 810
1 374 606 43180
1 143 356 73658
3 105 440
1 190 243 13457
3 267 455
1 578 667 17747
2 5 21 27226
1 128 672 94234
2 367 523 29321
2 54 981 80999
2 60 795 57826
2 188 670 95012
1 632 871 12800
3 649 762
1 34 350 62405
2 533 844 87626
1 476 609 51256
3 344 713
1 575 828 23071
1 151 830 83776
3 331 332
3 515 610
2 475 576 77768
1 12 593 92056
1 366 900 55176
3 441 844
3 631 835
1 414 549 79601
2 193 437 34955
2 17 688 34491
1 28 719 92157
3 34 199
2 757 872 95240
3 381 445
1 677 683 28027
2 382 983 29742
2 214 807 30028
1 123 300 11263
3 216 727
1 273 828 65340
2 645 841 33708
1 418 934 5934
1 40 706 2627
3 89 610
1 96 99 33422
3 328 657
1 244 981 53664
2 304 479 5634
2 255 537 82792
2 452 816 26057
1 147 208 12404
1 586 669 87825
1 516 835 79616
1 160 909 35550
2 355 747 45819
3 215 336
2 640 859 38738
2 227 504 96695
1 118 771 12561
2 572 741 63574
2 615 953 39536
1 179 866 5439
2 386 644 28453
1 87 683 33541
3 205 556
1 348 450 85485
2 111 575 93740
2 297 633 42241
3 382 610
2 637 935 42130
2 289 891 17777
1 658 800 27887
2 20 550 72246
2 436 523 23739
3 488 809
2 127 364 88954
2 562 816 81428
1 262 354 33769
1 627 801 13030
3 304 691
2 314 976 78056
3 243 371
2 125 464 91906
1 468 730 52115
2 904 969 98609
2 364 585 6259
3 96 341
3 26 436
1 939 981 72022
3 380 428
1 85 611 85277
2 678 716 40967
1 751 772 11359
2 458 890 91098
2 468 921 48026
2 323 492 87237
3 728 967
3 575 781
1 401 770 47703
3 194 662
3 258 582
1 443 681 5022
1 243 744 14432
2 399 832 33766
1 494 697 53260
2 220 355 41376
3 154 620
2 250 688 9957
1 338 979 36118
2 260 635 98813
3 563 922
1 621 648 36829
3 315 793
2 843 964 24472
2 178 192 75819
3 418 776
1 229 761 58072
2 208 634 31693
2 236 774 43370
3 412 955
2 368 427 26519
3 436 790
1 227 436 20566
3 316 937
1 868 897 65661
2 453 747 38813
3 816 983
2 592 741 29008
1 556 950 6821
1 74 652 19311
2 200 319 97600
3 137 246
1 247 351 52198
3 450 700
3 204 304
3 45 376
3 256 414
3 568 897
2 268 403 11101
3 9 976
2 351 975 28952
2 306 516 62757
3 136 327
2 193 659 45610
2 208 924 44521
3 46 986
2 380 838 10868
3 263 939
1 240 421 22039
1 19 755 87390
3 3 258
3 106 555
3 54 789
1 199 594 41735
3 644 780
2 300 927 21346
1 207 266 73740
1 170 494 72766
2 36 969 40060
1 186 762 66298
2 118 416 31732
1 570 850 5240
3 349 587
3 399 897
3 657 914
3 378 560
3 282 709
3 163 815
1 96 997 51595
2 238 790 34598
2 480 733 20496
2 413 440 86338
3 449 673
1 119 310 79092
1 703 952 83075
2 22 132 53744
3 701 926
3 536 856
3 598 631
1 659 668 61792
2 609 828 64180
3 386 847
1 597 865 19434
3 187 733
1 399 482 6626
3 577 652
3 305 799
2 82 515 91987
3 26 258
3 322 667
1 28 107 72369
3 95 647
3 396 515
3 522 746
3 97 856
1 198 618 58266
3 319 695
1 222 618 8075
3 425 691
3 296 806
1 282 725 99835
3 121 271
1 291 787 98363
1 273 600 77531
3 173 525
2 81 797 19167
1 604 828 38558
3 113 869
3 87 596
1 132 428 7776
3 444 566
3 172 478
1 889 983 99698
2 696 866 70715
1 953 962 7395
1 694 951 74960
1 367 868 31828
1 354 734 48028
2 72 162 68150
1 89 152 641
1 489 886 45009
2 372 882 40105
1 409 627 53027
2 336 625 51455
2 196 910 77889
1 234 319 59294
2 310 419 8053
3 186 704
1 286 817 38820
1 836 982 95849
3 638 996
2 819 833 45475
3 127 866
1 46 480 97727
3 395 731
3 313 739
2 246 425 3270
3 284 346
3 389 635
1 196 308 87673
3 496 993
1 326 721 56366
1 109 237 81366
2 480 857 41800
1 386 820 73300
2 494 715 92142
2 671 881 47323
1 189 595 85800
3 96 434
1 131 437 28089
3 351 773
1 631 722 58689
2 521 914 59695
3 265 771
2 879 975 48886
1 294 746 58304
1 132 341 65031
2 292 845 77955
3 237 922
3 148 457
1 37 298 25623
1 433 764 67942
1 465 592 67245
2 220 604 70557
2 329 658 39475
3 208 733
3 297 560
1 341 928 90695
3 89 118
2 263 376 33110
1 864 944 84854
1 209 735 29700
2 390 496 88322
2 363 483 90575
2 196 801 55879
1 856 981 65423
2 383 686 35616
3 363 779
1 11 135 44664
3 15 950
3 355 428
2 565 800 13885
1 347 837 20062
1 133 158 53701
2 153 165 28654
2 346 796 36889
2 282 504 15055
1 87 192 70130
2 756 791 96680
3 311 869
2 274 962 14166
1 598 955 23553
3 110 142
1 502 670 39093
1 41 578 19462
2 127 894 7157
2 751 850 68386
2 572 938 70763
3 206 995
3 500 891
3 642 985
3 541 644
1 120 455 33019
1 121 468 23961
2 94 516 70566
1 589 750 60917
3 317 797
3 384 726
3 93 618
1 414 765 81090
2 813 995 23038
3 538 821
2 292 574 73578
1 416 423 82203
1 533 862 24984
3 190 586
3 442 648
2 658 986 46521
2 937 985 68721
2 571 757 11047
3 397 804
2 491 495 93652
3 434 878
2 104 214 9429
3 73 127
2 222 486 69546
3 411 443
1 779 975 56829
2 886 976 22073
3 307 621
2 477 786 9240
3 182 216
3 644 793
1 157 750 32939
3 731 804
1 15 265 76395
2 648 751 88122
2 395 781 87669
2 653 677 70855
2 229 912 4
3 126 629
2 173 897 12490
1 415 695 79215
1 130 179 63311
3 60 333
2 951 969 11977
3 147 949
2 376 424 4302
2 116 515 60003
3 191 401
1 65 598 7776
3 13 239
1 224 688 17705
2 511 829 92713
2 232 794 36559
3 157 447
2 465 713 31361
2 657 766 39226
3 553 610
3 214 256
2 537 988 88059
2 511 893 55148
1 455 794 59472
2 117 1000 43140
3 126 396
2 287 798 12267
2 579 611 97770
1 461 581 59471
3 1 33
2 430 687 67427
3 334 998
1 341 467 12827
2 358 418 35713
1 249 254 24150
2 71 217 23857
2 500 834 46250
3 27 786
2 641 851 55802
2 477 608 29994
2 395 680 48762
2 357 422 52257
3 98 846
1 420 907 30529
2 89 424 33708
1 254 710 46450
2 438 628 725
1 321 426 8438
3 156 702
2 551 803 73656
3 201 427
2 225 488 72925
3 821 926
1 267 986 25228
2 194 391 51701
1 358 457 27287
3 43 544
2 69 646 35208
2 612 668 21022
2 695 901 38013
1 703 802 96952
1 316 343 8516
2 37 508 62035
2 183 227 69301
1 701 947 33450
3 154 798
2 228 930 31995
3 134 954
2 333 719 72087
1 92 587 68678
1 484 827 72993
2 368 666 20169
3 144 393
3 411 892
3 488 867
1 91 743 63735
1 303 849 95044
1 442 584 71685
2 500 855 67150
2 536 771 29598
1 230 644 8606
3 714 798
1 32 788 43737
1 196 813 4823
1 34 766 51233
1 493 753 76242
1 239 952 20128
3 60 734
1 164 507 46068
3 781 796
1 402 945 55961
2 462 557 15911
1 200 486 34748
1 38 111 70465
3 250 355
3 105 377
1 39 117 37317
2 245 926 37966
3 476 960
2 266 916 52310
3 125 848
1 216 366 17579
2 255 761 64116
3 48 665
3 422 852
2 617 731 93750
3 220 520
1 643 982 79142
1 36 117 83759
2 57 508 76454
3 749 922
1 192 465 37997
3 161 792
2 130 731 96906
3 292 458
3 137 146
2 250 634 15892
3 528 936
1 904 911 79999
3 181 933
2 29 126 40246
1 877 917 10429
2 37 353 53134
2 167 738 18476
3 150 828
3 929 988
3 207 329
2 323 961 36020
2 64 775 6976
2 179 317 34756
3 599 810
3 625 737
1 667 856 23641
1 316 974 89881
2 384 838 12325
3 251 532
2 38 768 27341
2 215 530 81622
2 294 954 23690
2 271 493 49170
2 248 589 25475
3 101 181
2 290 669 95250
3 589 657
2 1 170 18306
2 153 974 49678
3 448 787
2 260 827 47678
1 496 889 57179
2 406 990 66215
3 71 706
2 431 559 85421
1 242 643 96016
3 380 637
3 144 538
3 97 350
1 248 723 47775
3 521 628
2 60 911 72566
3 340 869
1 167 479 74768
1 611 852 11486
1 3 233 18533
2 31 829 32811
2 608 916 61463
2 1 234 91348
3 283 894
2 420 947 60310
3 283 618
2 419 699 5300
1 134 715 18774
1 59 704 74752
1 583 859 10033
1 99 334 36645
3 194 232
3 23 219
3 256 341
2 447 865 11593
2 625 793 81426
1 549 791 32850
1 154 563 52267
3 566 692
2 260 551 47213
2 153 438 81015
1 567 783 96052
2 460 855 78593
3 344 598
2 253 615 62808
3 22 571
1 83 681 57134
3 358 383
2 228 422 69697
1 230 804 51239
3 281 614
3 311 998
3 300 503
1 421 836 19574
1 924 941 18689
2 5 548 15092
3 276 508
2 287 288 90723
3 399 676
2 684 715 37328
1 402 763 19603
1 618 768 66512
1 440 637 6570
3 490 663
2 340 393 15587
1 9 856 95678
2 111 617 33791
2 337 394 804
3 343 716
2 535 626 60088
2 284 507 32218
1 653 851 47523
1 223 527 32932
2 312 583 51736
1 714 719 83472
1 371 961 38237
3 350 355
1 532 803 78905
2 88 874 11558
2 333 369 64827
1 233 892 5171
3 361 753
2 448 995 73587
1 65 740 2047
3 314 694
1 197 901 33965
1 6 567 48164
3 65 94
1 711 907 24593
1 192 955 20122
3 259 765
3 413 652
3 82 489
2 833 986 13458
1 93 255 92558
3 135 324
1 15 855 31537
2 384 909 90836
3 7 741
1 39 961 53533
1 124 768 85490
3 496 958
1 99 755 35965
1 856 934 92126
1 452 691 46136
1 32 910 17391
1 602 826 61654
1 227 238 94088
3 111 463
2 112 481 92841
3 338 413
1 150 497 1114
3 315 823
1 429 587 21471
2 133 907 57269
2 96 179 8506
1 128 275 49430
1 597 963 48110
3 241 653
3 675 687
1 379 416 9994
1 20 943 70590
1 763 835 26569
1 466 542 82812
3 237 351
1 721 972 31852
1 466 804 64980
1 75 317 92346
3 48 589
2 25 489 27795
2 666 838 24940
1 715 947 61328
2 393 589 72646
3 394 911
1 614 745 15883
3 79 605
1 163 539 55542
2 32 547 74925
1 135 547 94136
2 403 500 39123
1 70 821 16107
1 365 870 30090
2 642 945 3307
2 189 818 93128
2 135 571 18851
1 630 949 29223
1 366 786 47628
2 269 827 60602
2 770 888 32042
2 223 858 59918
2 793 803 87130
1 601 794 53415
3 142 808
2 461 577 8835
3 235 297
2 282 961 51126
3 114 520
1 627 967 60466
3 504 627
1 111 682 50102
2 684 784 42045
2 39 513 9777
1 505 656 11691
2 642 964 66098
1 414 692 94347
1 52 802 95793
3 192 936
1 61 304 7314
1 400 611 81348
1 2 206 26919
2 430 943 12251
1 349 480 70577
1 177 534 58216
3 709 853
2 254 617 28640
1 664 743 23447
2 393 924 68264
3 133 997
1 122 943 52828
3 616 707
3 44 877
2 105 654 79520
1 301 426 33397
1 595 942 27958
2 639 954 94885
3 404 503
1 406 508 36535
3 563 607
3 39 44
2 310 466 15831
3 24 587
1 760 790 91229
1 382 491 58052
3 444 955
2 38 988 63925
1 177 649 45014
1 633 983 81191
1 63 98 24121
1 749 774 56282
1 82 165 95764
1 414 573 38628
1 629 791 9167
1 202 402 22337
3 160 524
1 319 908 98109
2 650 972 6098
3 497 649
2 223 319 93660
1 917 942 41586
2 213 330 8564
1 75 762 88201
1 884 928 47575
2 182 278 23155
1 554 565 50425
3 168 215
1 31 671 92240
2 98 659 44176
2 76 976 9985
1 127 409 2301
2 223 527 56311
1 549 946 67117
2 339 470 18256
3 416 951
3 932 946
1 346 931 83985
3 523 692
1 310 457 36974
3 652 860
1 276 491 58558
2 72 342 80320
1 745 750 79843
2 175 764 88203
1 304 512 59387
2 68 707 44379
3 663 680
2 436 439 81560
1 82 780 80908
3 17 384
2 221 823 45477
3 257 820
2 34 945 57443
3 502 753
1 45 838 27768
2 390 878 72060
2 210 499 39504
3 43 777
3 294 847
1 136 831 46984
3 833 857
1 518 705 66434
1 151 647 91869
2 698 772 84197
2 72 657 71091
2 98 786 5968
1 165 791 39446
3 391 898
3 402 478
1 517 579 59559
1 43 664 34586
1 30 58 57365
3 180 437
1 35 831 64765
2 864 916 90888
1 390 634 45002
3 438 469
1 182 867 15326
2 764 915 45066
2 6 124 78313
2 432 649 53627
3 355 559
2 217 940 54620
1 921 946 59384
1 710 816 64288
1 423 863 95809
1 128 499 42635
3 257 553
3 293 703
2 368 869 24815
1 36 227 7640
2 115 459 80500
1 539 939 70164
1 657 692 86740
1 22 439 36923
1 540 776 55341
1 298 875 25307
1 299 670 26381
1 341 761 34468
1 67 149 77028
3 123 526
2 174 404 86565
1 303 502 6525
1 84 191 8761
2 396 919 33961
1 242 723 1890
3 188 263
1 43 379 69383
1 166 987 42301
2 224 378 64684
3 521 650
2 71 339 4413
2 233 619 15501
2 158 938 21013
3 761 964
3 411 917
2 297 898 33997
3 385 521
1 238 335 27847
3 282 581
3 708 709
3 972 990
1 569 783 39009
3 20 197
3 104 461
3 180 274
1 343 804 18267
2 361 388 55010
3 101 488
3 862 937
2 67 936 11534
3 447 579
2 671 674 28898
2 313 452 23365
2 353 885 27548
3 57 607
3 266 694
2 496 777 44164
2 577 800 27444
3 161 941
3 345 372
3 580 822
3 38 301
1 263 379 5288
1 529 702 84038
3 340 481
1 2 883 60040
1 294 414 17915
3 573 967
2 478 995 29039
3 380 574
1 166 933 34006
1 257 562 98776
2 184 715 76112
1 195 849 65024
3 156 759
3 98 954
1 426 505 56411
3 298 921
2 72 402 59641
3 202 749
3 482 710
2 35 529 65654
3 587 829
1 562 645 43694
3 598 946
1 284 640 64985
1000 1000
360 72657 35263 91494 29951 46879 7987 74822 67753 61045 33954 30553 35053 91791 28761 83585 63523 16463 6875 15425 98923 1733 61670 76865 83706 55515 97876 99550 52847 60379 46750 36747 86436 65981 92378 52040 35168 30160 58565 31485 42409 15012 29211 24435 51223 89266 92803 25039 62915 26345 10792 77612 9278 82230 12130 91732 72990 12911 84916 96026 57459 5916 18638 53591 14488 14690 48978 6688 7877 57357 86931 76416 4130 21658 34138 2007 13685 66558 43427 70831 84540 4663 74692 27542 11031 2061 23821 27805 31580 61443 85130 8172 37006 83680 8390 32095 81127 36437 94794 7841 80434 4939 94787 86500 12310 4202 59234 40539 53645 66792 86460 42836 29203 88204 80178 35252 9817 25982 43435 7952 16056 15629 36253 68838 22915 33020 67370 15831 89686 25066 35431 16065 70571 50652 6520 79484 5163 73705 66455 53361 6913 58371 83636 49650 44170 34205 54614 25818 62217 11197 39488 71394 33559 29759 93327 10077 96407 2627 57855 62481 79112 65716 52172 56691 11731 38262 61878 37309 32292 54635 46142 99726 21462 22434 78606 39806 13895 33565 3125 83004 54923 49118 59696 93895 39452 33805 70084 57733 66382 76296 5191 15267 77377 54248 72446 80490 69360 71724 24449 98554 22086 79460 92891 6822 8400 47035 92462 68683 68173 32002 58643 78830 13731 72885 93311 47986 89771 9261 21249 29234 27052 27265 4839 75329 32549 15641 71393 57659 25220 96977 67901 29128 36436 21127 93265 53325 92659 17025 16120 4590 84161 55678 64787 25604 64052 39767 14833 95991 21097 12145 20169 80184 71733 55522 15428 69726 39449 63197 67736 46939 51444 27644 76142 441 62162 63753 48933 5367 72514 27017 68432 32186 89478 95717 58554 70226 35715 44726 81738 75914 52504 30285 44673 35915 68140 70045 41280 18510 20064 87526 16167 43324 48835 74686 8664 74756 40708 78493 42458 92023 98946 8293 71290 96964 59168 48140 87723 60011 88468 8872 13582 18240 80350 56950 11085 8319 55254 86727 11649 97414 88862 37288 30515 70099 25847 21868 28863 48954 65359 35736 40405 33219 9111 93259 23161 12479 30099 94439 9835 34437 30827 51904 74177 6541 46079 640 63632 28455 5463 71221 4137 36089 37271 62424 48703 16756 76402 19643 77415 7378 20502 73422 39097 27278 97893 79373 69491 57695 76516 2986 74941 37458 23148 2962 87975 3588 98749 91103 44718 13497 20850 15706 81181 57243 82928 18314 15920 35699 47449 8478 63348 98493 68285 34386 29451 70763 63696 46977 44492 22617 70326 74856 44646 92232 96058 30067 90340 84793 75870 23398 89772 20519 80301 42346 36130 36865 76460 12306 24042 86723 21711 97096 12747 4273 95561 45369 88110 7152 21243 23770 36838 23904 66061 41302 38313 27225 67578 75253 62972 89984 31781 98186 19310 28967 53450 40665 52379 74527 36560 94819 3856 72986 73818 99087 71630 31521 24572 44919 73191 5903 55915 6956 63238 56200 7053 38343 21227 79194 22768 22766 3220 64270 37175 49119 70039 81035 16398 82555 55755 97352 26238 63890 6247 73803 76220 9959 99170 48738 67580 71199 77146 37661 14276 97452 51440 11558 56283 51248 99792 53215 79488 25777 93006 17239 4150 35640 57772 83432 83325 71205 30904 8656 8316 92274 68882 70825 9306 42562 62251 93991 94285 16934 51529 98094 50601 57164 58152 16334 46554 3429 9627 39452 98445 80625 74607 40430 84296 19114 97616 30578 21626 33065 61732 4843 42093 86232 22806 52810 39544 19317 7790 61029 77777 42368 23483 7734 60544 12930 18418 72659 6286 62394 45296 68741 44764 77829 18491 23015 61488 22600 3143 25661 70379 43741 39637 86030 73718 3352 886 48352 85466 57397 83565 72751 53294 22656 31282 80585 87147 16225 46258 48201 4636 59298 97396 45038 30321 16958 67191 9399 81235 43143 61079 72189 5842 66100 75662 2221 4217 80038 20759 35328 84387 23285 38701 2105 20903 18683 6322 17787 79407 84125 79341 21444 72231 90962 458 98442 71120 29105 25957 42449 76628 43931 35905 47046 93940 20418 31379 58618 285 5461 16796 12894 30617 85961 87123 92920 60993 35141 84864 864 43312 10506 13285 75257 8531 2781 51736 98735 9085 50643 5547 26633 61655 17208 80812 27691 24372 64859 39239 23788 97187 37881 97514 52078 79806 35685 68897 80991 28287 65553 88224 97451 41649 76732 43519 80572 62916 5048 77279 22191 34427 19030 31915 45972 8544 61649 80442 15330 29816 62707 54224 80596 13616 81896 72132 5156 59382 52349 92797 49699 25957 26452 96245 13778 71832 83528 64063 24576 87935 66391 67013 78912 5135 85328 93578 87429 88692 77658 32687 30461 4994 5215 82385 47304 75017 93588 47855 28212 79719 6726 71081 98455 89079 29442 72868 59623 8839 13152 57514 89 15335 62637 57102 77076 14205 52532 1165 97105 99510 62665 45936 89938 45431 74034 87854 6844 81553 62962 14542 31666 65843 42098 43051 65807 99130 38638 37808 29216 7939 80058 41954 37563 86016 15375 66845 49600 90473 26838 37462 80235 38506 91632 42656 85331 98651 75616 11339 71650 33613 24277 1990 74801 55295 43511 85157 63488 58768 86125 68318 41775 58063 13737 43661 80027 73839 53233 79095 13944 47190 12971 3307 81160 94101 77444 41956 28341 87889 96957 18028 27761 3840 74482 88123 70023 38543 83624 28125 16061 64960 89139 85425 65289 94961 11809 39309 53485 24983 48390 95327 63504 11370 38789 3023 25339 20153 3928 52256 50348 31903 51549 69557 94330 66701 6973 16272 53126 76231 88889 78869 78811 38603 7027 52014 1826 95819 92598 62344 62020 9404 73923 32346 75804 4647 58554 74757 39448 92637 85921 26583 96044 53639 30324 14698 11475 89051 18857 94185 8580 62762 69758 63891 8397 90871 83586 53496 86894 68258 83357 42368 45652 7970 3676 93643 99440 1138 50877 29555 51764 82722 52915 5965 58633 15822 40918 49391 80016 96459 97067 69419 60819 32126 67436 95706 48231 9575 14707 75860 68577 73626 58920 92347 28306 89678 82020 67927 45248 5998 60738 33436 5218 79310 77985 47464 94647 16471 2872 81032 94948 35139 81751 37402 91624 26405 99253 58861 99326 63999 64924 33605 719 89943 34253 30715 79473 61027 19792 98529 3391 27329 72669 30915 12374 11619 59232 73001 74666 7560 65741 94809 47171 73158 8512 9529 52439 57475 87887 39122 87621 
3 133 199
2 112 359 90019
1 328 798 83532
2 22 726 78619
1 490 798 1576
2 406 967 90240
2 771 784 37678
3 302 368
3 424 550
3 345 656
3 101 790
1 220 461 98016
2 608 947 58003
2 391 497 62471
1 419 528 2464
2 34 447 99898
1 82 821 89878
1 571 899 52510
3 327 720
3 12 467
2 457 516 74790
3 556 827
3 3 631
3 48 789
2 354 769 28127
3 350 700
2 529 669 6349
2 620 760 2158
2 23 266 55766
2 129 316 65874
3 260 694
3 735 931
3 226 467
2 757 899 52484
2 510 592 29914
2 98 738 52998
3 232 934
3 361 498
1 259 588 9897
3 733 821
1 395 998 26400
3 186 296
2 333 788 86442
3 180 967
3 697 985
2 465 570 44038
2 513 684 16231
3 594 796
1 15 716 26168
2 92 529 9212
3 196 595
2 19 761 88606
1 422 669 67972
2 441 946 99151
1 75 344 18220
1 124 327 47734
1 362 380 18888
3 571 848
1 157 324 12340
2 561 845 86217
2 180 983 16246
2 278 874 24226
1 972 979 69371
2 786 863 92291
1 415 872 66589
3 251 972
1 266 877 54019
2 850 951 64881
3 26 514
2 405 981 46076
2 599 923 28729
3 679 748
3 22 658
2 379 857 48387
3 417 995
1 271 413 29611
3 753 768
2 490 974 37444
3 531 620
2 55 229 23151
2 12 713 5350
2 682 773 6235
3 369 523
1 190 477 85960
1 686 780 9748
2 48 580 23626
1 281 983 32636
1 902 910 5981
1 46 484 51310
1 132 620 48674
2 113 116 4449
2 497 729 70387
3 71 378
1 221 621 14442
3 441 953
2 73 237 56360
2 153 346 9507
1 175 366 42479
1 10 449 76588
1 138 489 1231
3 406 570
3 654 809
3 533 822
2 553 868 87112
3 6 515
1 516 691 91589
3 786 904
2 249 716 36539
3 244 949
2 528 744 44212
3 84 847
1 328 833 29617
2 520 540 4645
3 298 665
2 485 578 56880
3 72 275
1 571 833 1849
2 830 924 18437
3 188 244
3 329 958
1 139 754 44981
1 22 261 54595
1 87 288 75258
2 620 734 51710
2 468 753 57617
3 244 430
2 240 584 32
1 576 847 50957
1 363 957 97372
2 271 948 61601
1 319 800 68121
3 292 903
2 277 365 58128
1 117 585 82639
1 410 450 60006
2 14 614 46985
1 488 670 79975
1 750 966 90035
3 294 981
2 159 944 32567
3 129 256
1 468 797 13675
3 375 824
2 85 722 29470
3 346 799
2 200 340 82348
3 4 964
3 527 702
2 258 375 79287
1 328 723 22772
2 131 304 43166
3 962 987
2 216 310 70083
3 313 378
1 655 811 17698
1 695 958 57216
1 292 480 70164
1 136 288 4149
2 149 999 65860
2 394 706 26823
1 189 744 98411
2 806 985 59703
1 52 987 20590
3 212 925
2 580 735 49669
2 497 851 57603
1 777 857 41419
1 97 921 82419
2 715 812 17385
3 686 707
2 213 356 46951
2 333 634 17940
1 105 552 7809
2 68 433 60604
1 819 873 94130
2 687 831 93131
2 429 669 56645
1 897 942 45607
3 554 750
3 643 902
1 268 563 18002
3 272 793
1 584 960 55417
3 644 857
1 106 502 24378
2 513 863 49453
2 436 977 7965
2 345 580 90253
2 492 755 47349
1 223 636 44671
1 388 896 27523
3 37 905
3 750 886
3 361 594
3 288 887
3 727 749
2 527 571 89464
1 547 879 22296
3 64 224
1 780 979 81148
2 43 256 52183
3 113 943
3 399 875
2 276 915 20549
1 183 483 93563
3 167 932
1 639 866 5460
2 146 611 44714
1 555 638 69326
2 187 474 96019
2 458 769 1784
3 66 259
2 236 884 23471
3 442 960
3 30 594
2 199 665 31866
2 348 412 89087
2 120 777 17117
1 637 898 58799
2 129 582 35096
2 119 328 55033
3 261 888
3 473 544
1 123 786 94827
2 353 965 55039
3 472 829
2 176 337 11873
2 190 623 33625
3 561 622
3 398 603
1 500 609 70375
1 158 571 41623
2 165 654 36980
1 374 490 34255
2 3 908 33300
2 217 589 5663
3 178 385
1 35 63 18399
1 111 249 94857
1 541 761 72752
2 422 919 8376
1 686 751 42659
1 656 847 32911
2 475 529 5762
1 357 390 98705
1 688 864 58910
1 352 555 14871
2 492 665 38949
1 253 435 1686
1 7 58 26479
2 935 970 21436
1 569 708 94357
2 503 580 37443
2 55 134 23266
2 127 556 67364
3 193 879
1 243 436 98987
2 30 217 80562
1 181 441 24934
3 327 372
3 387 695
1 276 956 57529
1 599 889 69670
1 231 972 89271
3 227 266
2 765 891 64917
2 278 882 91836
1 881 885 87477
1 132 496 40639
2 306 402 65113
3 43 636
1 128 294 38609
2 443 708 66407
2 629 900 75629
2 152 174 23084
1 53 959 19817
3 828 909
1 606 987 12323
2 727 953 63265
2 146 675 29440
3 238 849
2 86 695 52952
3 71 955
2 214 648 35609
2 27 712 46903
2 167 628 30338
3 356 454
3 565 931
3 9 257
1 96 903 8540
3 878 991
3 458 877
2 797 807 99478
2 436 738 63723
2 86 477 28693
3 129 634
3 155 240
2 573 764 54924
2 442 628 5589
3 38 453
2 780 802 10898
3 9 696
3 575 888
2 25 310 28193
3 728 862
1 235 582 9636
1 159 726 47026
1 526 944 65540
1 430 955 66581
3 582 745
3 868 982
2 112 912 28031
2 764 993 7369
3 300 522
1 451 498 13079
2 689 827 85271
2 287 601 99098
1 386 556 9511
1 307 346 60772
3 504 660
3 23 264
1 310 577 3373
1 44 568 86333
1 301 620 16529
3 462 966
2 307 787 61231
3 423 941
2 383 859 4890
3 116 440
1 304 428 31143
3 179 284
3 175 195
2 303 488 68949
1 230 824 53376
2 754 774 64022
3 149 244
3 127 812
2 511 588 30525
1 176 304 66951
3 324 509
3 847 868
3 965 980
1 209 564 52578
3 141 400
2 167 196 50798
1 62 439 6235
1 298 876 85677
1 528 621 900
3 353 1000
2 541 668 56869
1 455 471 91273
3 484 977
3 283 602
3 564 978
2 560 694 72214
2 89 759 85818
1 503 907 31227
3 272 780
3 148 871
1 402 589 75012
3 6 675
2 359 425 7643
3 253 534
2 405 818 55018
1 321 841 43853
1 662 680 91925
2 301 445 9112
2 13 694 96606
3 561 915
3 20 197
3 104 330
3 84 458
3 412 483
3 762 949
2 139 712 26880
1 21 918 91320
1 246 946 94964
3 137 359
3 13 587
2 335 595 7091
2 480 775 88889
2 296 440 33199
1 150 861 53761
1 932 934 66169
3 894 966
2 741 847 77397
1 849 985 6804
1 55 102 76875
3 916 995
2 967 979 98749
2 306 512 37039
3 30 381
2 855 913 90528
3 84 849
3 222 421
1 719 942 46906
1 171 970 44412
3 601 984
1 181 192 93888
3 279 606
2 937 969 53250
2 391 514 353
1 487 842 66091
2 339 489 52960
2 354 740 53942
3 436 805
1 647 686 46861
3 376 862
2 599 869 87199
2 4 148 11335
3 199 218
2 119 906 40600
3 65 687
2 190 624 74650
2 625 676 52145
1 13 247 88875
1 45 736 87132
3 521 816
2 72 823 16281
1 253 746 68727
3 648 666
2 206 388 28014
3 89 639
3 206 903
2 413 414 70193
2 509 678 77274
1 542 673 71059
2 837 925 73738
2 94 737 22888
2 397 687 21160
1 91 821 71537
1 401 783 73990
3 121 414
2 691 865 76916
3 571 988
2 587 881 20761
2 190 866 51723
3 690 749
3 331 773
3 226 616
3 104 841
2 594 884 96938
2 438 732 93473
2 487 958 28264
3 69 721
1 258 665 52441
3 124 431
2 571 1000 91046
2 314 804 70157
2 124 401 20137
3 479 791
3 288 654
1 24 380 39642
3 90 742
2 868 911 51750
2 191 367 30262
2 483 790 30669
3 88 283
2 395 932 6909
2 94 776 35886
2 360 682 8117
2 185 385 84429
3 409 995
2 811 961 31404
3 813 827
3 230 245
3 260 422
1 123 890 8780
1 455 772 82946
3 217 519
3 22 801
2 35 63 41615
3 735 956
2 643 909 68379
3 545 586
3 438 902
2 76 637 48872
1 142 487 1442
3 467 636
2 658 724 20765
3 346 799
1 724 868 54474
1 67 101 79276
1 76 280 23537
3 847 956
2 602 806 5257
2 858 941 13741
1 437 465 49743
3 162 681
2 58 545 6505
3 63 692
1 126 956 40411
1 474 611 44197
2 18 281 40629
3 240 729
3 304 897
1 357 842 66917
1 210 362 41283
2 71 492 5518
2 372 757 89932
2 518 571 81823
1 946 989 382
2 373 652 3955
1 7 589 97705
2 42 612 78285
3 373 788
2 259 441 23312
1 550 801 61175
2 749 946 45428
1 3 530 79558
3 518 753
1 88 430 93829
1 627 635 50863
1 709 869 65931
2 115 375 48354
1 52 467 43336
2 50 815 36452
1 835 955 40380
2 164 645 35008
3 256 596
1 536 753 92728
1 556 976 65473
3 162 945
1 270 807 11492
3 584 818
1 765 800 91220
2 66 229 76358
2 203 867 66306
1 65 330 57450
2 585 736 32038
3 483 951
2 19 538 50702
2 738 998 58052
2 517 884 65552
1 586 634 90753
3 74 702
1 140 428 73624
1 162 795 58936
1 388 808 32068
3 274 379
2 353 401 74539
2 647 653 14236
1 200 421 85708
2 50 904 51347
3 89 923
3 168 707
2 103 640 22223
1 628 819 71849
1 928 933 66135
2 624 934 16555
3 258 415
2 801 823 13385
2 439 754 94511
1 577 997 14633
2 408 661 82017
2 641 992 28158
2 125 569 64451
2 303 531 40605
3 413 561
2 258 602 96089
1 694 766 62040
1 288 969 24407
2 625 981 77938
3 446 509
1 473 602 23191
1 564 603 4219
2 302 862 87731
3 149 866
1 176 705 6557
2 288 335 75628
3 235 313
2 335 360 70879
1 541 860 75791
2 608 664 12470
3 67 284
3 483 872
1 179 312 99371
2 433 555 75864
2 152 901 21209
3 740 944
2 460 628 45050
2 2 115 80621
1 312 864 71932
3 152 684
2 272 933 80802
1 329 336 51446
3 272 844
1 217 218 34908
3 26 384
3 493 652
2 26 939 13922
2 351 435 58067
1 14 69 83059
2 547 561 11912
2 306 655 4744
1 510 749 4965
1 931 980 32571
3 78 307
1 636 794 90955
3 339 589
1 285 868 18143
3 161 740
3 686 927
1 84 184 29135
3 209 483
1 623 908 74281
2 679 871 7071
2 36 477 32204
1 279 628 62782
3 100 175
3 480 542
1 661 683 36799
2 247 266 9425
2 264 948 20116
1 261 962 76076
3 681 885
3 567 652
1 121 660 19962
1 462 466 93159
1 170 523 63283
1 720 918 25666
2 758 802 88640
3 253 289
3 554 662
3 548 723
2 209 841 2671
3 68 461
1 264 989 88163
1 205 458 57556
1 400 927 39462
3 55 427
2 332 608 60601
1 468 988 21828
1 523 750 91586
1 473 508 27683
3 770 812
2 69 911 92147
1 501 959 37001
3 69 804
1 548 991 6784
2 243 810 26787
2 733 860 51315
3 245 259
2 427 446 80059
1 212 532 7742
3 148 296
1 708 824 18778
3 319 823
1 3 330 50156
1 7 388 17003
2 37 50 16259
1 30 297 8086
1 71 204 74532
1 79 636 9153
1 515 620 13477
2 99 733 64992
1 405 771 77822
2 102 428 10783
2 435 900 44556
2 592 967 55111
1 101 803 24143
3 278 580
1 788 789 56267
1 320 339 6702
1 83 541 90924
1 632 938 15676
3 241 995
2 463 555 55931
2 132 293 39369
3 251 927
3 386 608
2 507 566 61823
3 125 171
3 160 686
1 102 765 73395
1 39 441 93223
2 181 656 6531
2 90 880 73799
1 370 494 66306
3 160 749
1 313 490 49468
3 588 685
3 25 840
3 649 799
3 454 915
3 784 960
2 477 652 72667
1 86 369 34455
1 102 457 85580
1 256 966 32003
2 156 470 64071
2 235 712 67703
3 914 970
2 357 923 3202
2 108 744 23313
2 295 318 21218
1 348 834 78352
3 234 766
1 386 609 87389
3 509 781
2 248 945 32798
1 759 967 54840
2 429 698 29882
2 13 823 78486
3 268 496
3 106 922
1 41 440 83833
3 343 829
1 183 186 47635
1 491 911 63706
1 347 928 97225
3 262 877
1 201 867 21089
1 496 608 14915
2 261 707 71121
1 386 726 90400
2 127 792 2888
3 352 558
2 243 496 63113
1 126 153 53805
1 546 849 90986
1 402 788 63960
2 208 917 14325
1 221 261 6056
3 236 349
1 228 599 79324
2 325 700 46206
2 80 968 23203
2 654 837 90019
2 304 739 59177
2 313 322 19855
1 902 927 1737
1 545 821 63387
2 305 497 20783
3 193 561
2 503 988 53388
2 488 689 72228
1 10 285 57242
2 634 871 35171
2 99 299 41242
2 740 775 79129
3 171 287
1 122 891 22306
2 414 457 26862
1 263 873 37614
3 545 864
2 524 854 64081
2 517 548 94979
1 360 789 7253
2 92 771 92602
1 337 966 4029
2 73 983 21444
2 109 647 33421
1 264 864 19184
3 457 499
2 513 696 42110
2 466 696 29448
3 260 389
1 745 880 39656
2 94 408 28567
3 617 855
1 706 994 52583
3 301 909
1 747 994 74615
1 671 984 50165
3 744 866
1 22 83 94793
2 126 954 78468
2 85 436 68845
2 470 947 43519
3 52 902
1 229 296 79885
3 631 892
3 420 989
1 658 915 30145
3 78 915
2 320 656 26967
2 157 990 91975
3 295 393
3 304 521
1 354 585 9721
2 48 403 12988
1 17 578 73901
1 235 799 98431
2 168 331 31018
3 237 992
1 225 680 43885
3 592 698
1 498 898 65160
1 32 292 84324
3 383 517
3 251 348
3 660 784
2 287 561 21699
2 247 874 80573
2 631 825 62032
1 465 587 17728
3 497 840
2 465 803 11277
3 145 688
3 182 459
1 497 754 77821
1 578 915 62706
3 523 584
2 175 779 66870
2 70 875 64788
2 705 731 15546
1 258 896 86786
1 168 506 43249
3 552 782
3 169 417
2 86 147 15909
3 103 794
1 489 622 2904
1 364 900 44171
1 309 311 78019
1 494 601 76659
3 199 622
3 494 966
2 558 751 17803
2 756 782 13855
2 547 959 76441
2 112 138 45534
2 565 830 60739
1 378 974 55192
1 853 870 23235
3 54 746
2 78 888 19031
3 509 617
2 640 902 14042
2 287 830 8874
3 72 950
2 331 727 31597
3 281 595
3 116 622
3 38 590
2 844 875 97300
1 532 741 58688
2 164 166 14561
3 776 954
1 295 314 16526
2 105 472 81423
1 184 655 89068
3 15 136
3 118 250
2 413 657 27217
2 589 705 79245
2 404 571 12820
3 113 567
3 265 423
3 55 654
1 617 761 21545
1 386 407 71683
2 362 867 97813
2 421 445 30100
3 616 857
3 371 415
3 459 919
3 243 771
1 181 323 62736
1 188 280 32663
2 355 534 64760
3 81 121
3 32 456
3 225 884
3 414 893
3 234 983
1 141 503 78904
2 164 559 95577
1 802 846 65093
2 328 495 34473
1 159 818 5476
3 354 912
3 99 524
1 40 385 82934
1 714 988 33225
2 118 369 13813
3 503 657
1 839 926 28837
3 465 921
3 214 457
3 40 383
2 196 840 500
1 829 946 92221
3 425 841
1 73 443 94044
2 310 472 70517
2 308 629 34022
3 256 493
2 598 737 98843
1 56 620 1706
2 31 782 89504
2 617 653 97964
3 11 135
3 382 447
2 9 837 16402
2 210 496 8314
1 411 680 60303
3 410 968
3 626 689
1 383 790 247
3 2 327
1 210 753 28104
2 266 971 37353
2 319 576 37126
1 478 998 89851
1 879 975 56364
1 429 632 75741
3 222 361
1 530 616 23916
1 517 816 5448
1 104 229 90220
2 772 935 65863
3 157 451
3 36 853
2 734 944 41290
1 508 642 96540
3 508 538
2 20 695 98230
2 250 274 77102
1 48 414 31740
1 97 231 94780
3 126 549
1 88 430 75785
2 65 580 93282
1 202 439 75985
2 312 835 65568
1 559 931 74772
3 276 915
1 771 933 77397
3 517 623
3 564 705
2 188 488 75362
3 783 865
2 190 591 97649
1 570 767 68790
2 609 790 93512
1 543 564 82929
2 233 431 45987
3 127 179
1 326 832 68189
2 261 322 75478
1 60 441 52298
2 469 701 18747
1 38 646 84493
3 151 182
3 388 919
2 202 869 93428
3 620 664
1 108 570 7993
3 709 735
1 295 651 6848
2 226 260 17345
3 354 469
3 400 624
3 518 548
1 516 541 35724
3 24 910
2 269 826 98953
3 508 997
2 45 673 5012
1 185 852 28679
2 22 291 51386
1 522 684 29909
1 167 436 51312
2 350 699 38479
2 276 387 22711
1 420 846 94510
2 496 562 74078
3 304 619
1 188 376 94830
2 655 961 46974
2 688 887 58541
3 82 541
1 56 654 30975
1 283 612 47111
2 123 599 3589
3 553 587
2 493 718 14199
1 1 505 67295
3 321 892
1 208 985 11671
2 693 979 34056
2 263 332 17088
1 652 842 54965
2 206 259 38746
1 475 588 20961
3 715 832
3 377 431
3 116 646
1 352 504 87119
2 104 525 89965
3 203 371
3 696 962
2 9 301 87312
3 208 276
3 486 961
2 98 198 82334
1 316 331 5295
3 420 863
1000 1000
37813 52675 15246 75683 25458 35288 75504 27528 72735 423 94012 24120 56980 89466 25542 85729 91544 45422 69908 68224 8340 11579 44677 3647 10083 74171 62862 59823 36421 99321 91424 40541 33747 62584 83045 57140 89548 58557 83753 95088 48494 58554 98421 90330 16129 87479 33014 56421 42989 77023 17212 18339 34379 10276 62495 49156 76217 25232 47996 10669 295 12682 10205 73425 13455 43713 92407 80527 90882 72664 69549 98247 77468 42126 32370 79034 97721 91561 39051 7517 87458 89182 67090 41081 28576 63935 45815 21795 75473 10305 43553 20083 8599 76393 24690 39875 43566 29011 50089 36678 53494 43103 82529 38434 34734 10328 75543 61483 27458 26690 72009 39102 32923 32096 96793 70582 38773 59391 86321 88111 78254 23170 39200 52085 13689 51978 48226 42663 34802 21250 93822 44302 43213 30021 5801 69396 33095 58028 9705 3043 9854 55832 21780 41979 78365 23512 94710 93934 39119 15352 41776 6524 47124 39270 91998 76679 37489 85890 7985 99058 96322 50625 40027 47771 90699 26206 99466 4177 52268 36062 85675 55284 96210 8894 93328 86600 86730 97563 11596 34741 48049 57822 10170 82463 22471 39458 40094 38236 81058 73667 21379 17495 80991 46821 96036 14657 56179 27102 24486 32174 30943 59489 37442 59699 7714 75720 25089 64762 92712 59101 85599 54495 71457 14821 91602 39083 74668 63690 21892 746 31282 91747 93788 48875 87343 98178 13244 16339 4746 29401 8867 4447 16390 80234 89009 11764 91986 21290 85131 78724 83387 59570 75349 79008 80161 59650 75964 94452 35622 81777 73334 11748 835 2261 14016 88897 88949 41675 68295 44839 19572 79908 28771 45462 95173 16877 12157 52971 67461 73753 17714 64859 9893 41901 77519 59020 12566 60871 2012 36079 62234 8556 79701 79613 30681 41837 22003 20429 67637 54485 5322 96368 96757 51090 46411 49449 26686 99773 42346 25100 17568 5735 16666 82962 95884 43426 7188 41398 11620 77066 95062 34608 46538 5294 91080 18571 29626 99743 88730 55972 76020 78227 71625 3681 43505 17846 97472 90604 77943 89679 76347 1515 43815 72138 98215 56446 38644 31335 62661 72628 19662 25598 72302 22153 6812 25516 23152 5184 54376 29087 68375 22041 18325 95739 79815 40816 56043 60966 37189 79538 12115 42518 13557 62460 12062 88373 35229 27250 57919 99918 83913 96536 93113 65335 95912 42512 25363 45178 88948 90001 30441 194 50095 27297 64316 55007 48936 21903 86409 55445 15837 879 39958 487 97275 83859 61480 17916 25504 79874 4723 14827 46434 67959 22217 65961 61096 67897 3764 4556 1462 49586 97182 68794 43686 3407 45037 80211 19217 57907 38029 67256 14766 19128 14309 62006 95889 51875 92235 82067 84981 61891 17843 17236 99636 76998 72514 44072 60850 36599 59106 52725 38042 62903 73582 51805 15808 64247 14349 46284 65926 25680 1115 53217 79130 25408 34627 59767 53212 5442 75593 62670 9598 57224 40323 62427 73380 72855 13128 36809 7658 87998 8769 52810 59301 44436 68284 85214 98466 23374 61471 73278 1322 23866 98617 85670 76583 38012 92724 3165 78720 42914 99367 76098 13024 74149 98120 49109 94453 14623 52318 54846 13685 22275 63509 71582 24378 18013 41163 26033 73198 26055 5671 2493 75714 93957 71977 96601 85368 63967 15964 94237 5056 18328 17544 93026 49375 67823 77093 99509 24012 72594 8906 60349 7765 88281 70690 48070 26142 14662 29312 81642 33193 57815 74666 25116 50257 30085 62992 13872 42960 10621 47872 75274 21921 54617 98770 27585 28160 26586 23806 99376 86733 87331 54478 56985 49263 65301 69613 97462 73685 92931 37119 1438 72056 85777 63274 58032 36156 50190 882 15006 93301 25547 46339 82649 73446 79127 82791 37717 46917 78328 62903 52281 19035 15752 64430 17478 58599 20138 98873 75778 43810 1479 25355 32351 61181 74634 61325 23084 38310 55924 34515 9560 21610 86460 33705 81374 84788 76103 17516 62194 67028 44288 56533 28422 61851 67668 68720 12537 62882 41740 93803 96189 30762 29544 33546 65603 75805 51765 80055 57157 98068 25002 53494 53520 75219 37701 29847 42348 84911 61469 69445 88970 39919 43715 45755 29609 56112 9210 60502 89892 41858 71280 56070 57051 81296 68856 48510 14621 91421 16166 27626 76655 9610 55814 72640 74044 73876 42137 8208 47512 7642 23629 18485 56434 11036 29623 83053 61334 29950 11440 75557 89309 70732 87753 97006 72530 77048 43308 22540 71617 45215 92753 50444 52669 31658 42586 70741 31886 51345 28684 96472 88630 7161 72106 22370 51391 88669 28239 81424 75747 39562 47592 25825 42294 63301 11052 51207 45748 4136 35609 57879 40611 51529 50604 92769 60677 25659 90236 92697 37564 55661 24435 36659 93977 49873 99370 81806 78308 92440 91296 5511 85218 70968 66327 54670 4005 64783 5836 98453 79126 68161 30737 20709 67351 64094 31976 52939 73624 89279 57886 5936 92633 64334 29569 40806 97719 55301 86976 29950 88820 33935 82845 93782 12231 42603 33745 48143 24573 59440 39357 72253 29131 31050 90985 21432 80274 28769 94331 8848 44013 63546 7477 36573 17401 74551 29707 84052 73665 97018 39359 35189 64262 22280 66331 6401 99175 68808 459 31498 99795 42346 23732 93058 10792 42340 29557 28245 59174 64824 48664 56371 65846 22737 50229 45381 1872 24684 98212 66273 40654 18004 11004 28249 29515 25765 40653 6029 97846 76978 68246 23585 28537 60675 41092 71753 34049 94198 50345 43232 2345 34821 23412 67992 56391 68712 12658 47020 79603 56209 54176 25586 17840 89686 65036 77196 16120 52748 9192 29725 71688 81838 69193 60153 98565 17245 42498 72405 4329 18049 35320 44445 99406 95886 13986 29796 85110 73410 2336 20022 4661 76106 28596 16618 53499 3653 88705 5011 7650 6848 50654 26485 45040 82560 58871 91381 64617 25342 42305 25162 87669 72236 14456 28879 6377 4982 19511 15002 7925 29572 42258 29222 4329 92380 15155 80909 83621 88804 56656 51282 19867 63301 86406 4122 14179 17003 20116 46426 20315 9448 20886 18540 9241 42361 52443 83067 59151 89217 67078 88702 28537 13137 86718 67874 67621 31817 83922 60063 98592 10231 3917 45644 92089 15838 67857 56239 89012 20563 19219 25037 27726 26433 6451 7263 79944 25100 97815 72805 38258 70162 6851 12661 16021 88462 9559 66924 40348 49110 43172 
2 521 797 9025
3 88 163
3 167 445
3 348 869
2 351 614 91150
1 578 927 80733
1 777 978 12196
2 377 384 13619
3 111 696
1 324 808 71613
1 356 369 23227
3 658 874
1 525 797 82047
2 653 737 27617
1 257 477 7558
3 15 919
1 169 958 32903
2 219 378 22849
1 33 49 47418
1 235 632 93004
2 451 594 38461
3 92 591
1 297 632 87457
3 466 719
2 217 432 20439
1 187 500 8220
2 345 995 84095
1 418 632 99673
3 48 278
3 115 882
3 756 996
1 690 903 23083
3 205 672
1 291 890 92318
3 603 854
2 40 101 62472
2 78 610 69409
2 442 730 31231
1 77 612 83351
1 319 535 17197
1 789 953 18286
1 56 61 49097
1 519 803 1247
1 653 821 35665
2 71 223 25144
2 719 812 61981
2 620 980 47555
2 419 585 83202
3 96 845
3 92 422
1 592 883 59398
3 62 158
2 16 572 23069
3 521 681
3 477 815
1 329 522 31806
2 13 314 52062
3 339 675
1 75 411 69193
3 612 862
2 447 488 89531
3 762 953
3 598 666
1 731 990 13238
1 15 669 67110
3 76 658
3 347 398
3 87 151
2 305 554 72404
1 351 762 48761
2 358 829 40104
1 414 784 24482
3 772 803
3 171 602
1 242 401 80364
1 31 119 81674
2 734 759 91589
1 281 884 14338
3 770 798
3 141 594
3 330 502
1 13 514 13921
2 380 975 78406
1 390 538 21131
2 116 635 63207
3 57 286
1 548 747 20303
3 349 447
3 167 269
1 121 823 70815
2 956 965 65685
3 89 924
3 160 528
3 353 642
3 33 433
2 620 942 4646
1 169 410 45566
3 187 640
1 50 225 33310
3 17 213
1 646 907 80089
2 184 648 14545
1 633 760 65801
2 482 839 79893
2 36 734 36015
1 390 638 81693
3 429 965
2 45 958 90233
1 129 647 54138
2 65 243 81525
2 315 875 96513
3 453 497
1 74 741 72083
1 355 507 81779
3 378 904
3 111 406
3 713 951
2 170 257 30488
2 460 542 78557
2 699 823 54125
3 109 915
3 712 965
1 36 825 8214
3 165 728
1 332 556 8682
2 309 613 5985
1 197 857 78238
2 89 441 72767
2 30 790 75549
1 364 747 42170
2 341 356 77111
1 494 781 49326
3 543 753
3 192 235
3 466 913
3 7 759
3 85 386
3 198 332
2 701 864 30635
1 275 981 15971
2 465 598 21931
1 350 648 13722
1 167 364 73834
1 286 548 4726
3 317 366
1 229 714 33515
3 188 916
1 39 52 71721
3 89 718
1 937 980 63090
1 126 847 40586
3 540 949
3 371 975
1 65 421 81104
3 206 284
2 219 686 52594
3 71 712
2 210 609 92257
3 178 979
1 551 981 84261
3 207 782
1 408 718 4334
1 247 794 88583
3 216 589
2 73 456 21708
2 74 508 57030
3 381 604
2 354 772 53220
3 324 788
1 578 757 59654
1 201 805 34246
3 439 853
3 543 723
2 103 566 46165
2 583 975 35240
1 282 930 97408
1 414 805 32
1 38 491 26061
2 186 980 78027
2 75 506 47728
1 574 734 70272
1 351 789 10259
1 421 915 60618
2 74 899 26795
3 41 586
2 686 724 20456
1 72 992 65322
1 130 478 70143
2 216 294 56465
3 280 506
2 352 877 42600
3 150 897
2 70 400 91654
2 764 864 58351
2 72 757 96097
2 136 870 3062
3 19 111
2 411 650 58251
2 222 406 57149
2 271 323 17417
3 612 935
2 196 921 81517
3 41 778
3 183 929
2 290 909 44273
3 900 948
1 89 309 34576
1 366 708 23853
1 455 848 44581
3 842 978
3 475 839
1 33 790 81124
3 165 337
3 98 825
2 211 721 66929
1 454 475 27555
1 220 502 68887
1 426 889 92654
3 187 965
3 776 900
3 477 1000
1 426 592 3306
2 32 960 52089
1 595 711 60392
1 342 898 89751
3 27 132
2 65 530 83098
2 715 873 74293
2 232 975 17307
2 436 713 47006
1 137 849 58667
3 503 824
2 95 513 86227
2 510 763 46309
2 223 232 16792
3 133 344
1 155 861 92622
2 292 867 54396
1 334 830 54999
2 572 673 13825
1 674 703 16887
1 357 723 29440
2 117 464 78970
1 49 547 21511
2 542 959 66487
3 62 938
3 412 522
2 560 907 1114
2 365 754 69287
1 767 774 33032
1 246 658 51268
1 463 971 43195
1 4 864 97679
2 511 820 66621
2 32 260 64930
3 380 442
2 572 607 55936
3 54 504
3 274 939
3 237 555
3 371 513
3 264 984
1 362 818 66223
2 181 964 52897
2 256 464 79420
3 403 810
1 213 578 34006
1 366 579 61093
2 658 964 6678
2 121 242 23824
3 179 462
3 268 785
2 717 778 32972
3 105 420
1 760 888 57658
1 260 717 54429
3 6 540
2 238 630 10566
1 100 158 14341
2 470 798 8374
1 458 794 57757
3 675 721
3 58 408
3 425 612
1 791 922 32277
2 348 696 68243
3 498 849
2 850 858 61231
1 64 974 95926
1 508 936 23011
2 79 868 33207
1 210 952 53787
3 176 899
2 409 597 68857
3 269 741
2 260 944 45276
1 375 668 9526
3 384 391
1 575 892 62504
1 357 952 34384
2 195 411 89695
1 555 785 35977
2 506 793 5647
2 440 697 87694
2 695 795 17912
2 123 594 17324
3 52 517
2 46 331 48075
2 17 420 93041
2 313 396 2058
3 58 724
3 441 947
2 142 369 42287
2 205 720 26374
1 86 86 51173
2 55 420 64682
3 6 712
2 909 945 82738
1 579 992 89101
2 85 92 30450
3 89 434
3 671 936
3 648 707
2 743 988 54026
2 673 986 88127
2 50 139 26410
2 103 638 79173
2 574 980 50353
1 673 951 15957
3 744 954
1 411 954 21762
2 22 266 99533
1 97 849 47067
3 383 785
2 460 904 81832
3 13 437
1 867 998 12845
2 2 284 46430
1 122 815 88272
1 30 701 80885
1 67 499 12657
2 199 206 33577
3 135 578
2 108 471 22313
1 277 339 44689
3 551 867
3 99 325
1 106 932 89990
2 29 582 53395
3 9 798
1 143 760 68471
1 319 866 40794
1 159 991 77302
1 208 590 81335
1 652 970 7071
1 156 860 3879
2 545 916 1355
1 402 693 83191
3 10 881
2 254 886 45764
3 388 395
1 264 547 63841
3 409 931
2 8 60 67521
1 112 850 92895
3 119 922
1 98 401 56751
3 181 195
3 663 950
3 29 490
3 83 814
1 362 797 73566
3 52 271
1 948 966 12870
1 241 835 21660
1 12 109 61896
3 268 900
3 208 810
2 180 872 53932
1 527 677 92938
2 464 712 16019
2 54 291 99221
1 204 967 50633
2 490 758 85707
2 629 942 50761
2 64 908 63318
2 18 674 28701
3 464 507
3 357 996
1 563 961 65317
3 155 587
2 366 945 56697
1 399 515 9396
3 48 68
2 194 382 49724
1 81 973 41615
3 96 717
2 233 445 81473
2 101 610 84985
2 27 384 15643
2 90 250 53000
3 89 953
2 356 587 92810
1 346 706 73066
1 12 690 42813
3 53 746
1 11 613 82482
2 183 926 67996
1 113 438 99922
1 451 731 62487
3 636 782
2 522 700 42620
2 314 553 7449
2 507 569 78179
2 320 426 21079
3 661 923
2 111 914 86553
3 114 548
3 105 724
2 42 474 21401
1 564 866 66893
1 10 96 98041
3 143 422
2 153 301 33940
3 71 808
3 437 727
1 668 934 10756
1 66 231 60956
3 108 631
2 749 938 71002
2 422 813 42200
2 151 868 54285
1 572 581 25237
2 626 668 95920
3 126 919
3 64 723
2 175 912 57456
3 605 916
2 435 496 12188
3 122 614
3 63 605
1 839 990 48185
3 37 204
2 133 455 64125
1 56 719 79320
1 866 932 13192
1 452 999 64661
1 145 881 70841
1 146 981 84184
2 570 964 10960
2 307 311 36497
1 624 916 48567
3 884 985
1 676 711 17108
2 151 400 2624
1 100 955 43257
2 284 530 85016
1 334 518 75199
1 644 996 19012
2 356 825 36715
1 333 953 65380
2 345 804 36813
1 120 275 49122
2 221 291 16386
2 688 986 7005
1 208 659 93827
1 450 983 70341
1 538 682 60606
2 97 437 77373
2 188 775 66559
1 297 382 7724
2 504 914 42831
2 492 651 65089
3 342 473
1 278 699 16465
2 107 747 60659
1 164 334 72774
2 172 981 61833
2 528 998 69335
2 158 837 50461
3 376 965
2 384 572 16947
1 147 605 44751
3 252 997
3 134 998
1 315 883 90845
1 83 106 86855
3 41 723
3 302 874
3 221 654
2 191 773 26416
1 681 982 79265
3 108 656
1 218 797 16669
2 332 950 28554
3 404 997
1 526 579 73523
3 26 449
1 164 609 47150
1 454 889 55245
2 37 93 80694
3 161 185
1 619 976 84792
3 581 646
1 323 919 83068
1 40 412 24942
1 302 347 96431
2 262 965 77442
3 552 709
2 546 602 61386
3 419 560
3 913 957
2 191 285 80761
1 130 308 92395
3 489 953
3 579 888
1 217 350 33601
3 252 576
3 108 693
1 256 356 62546
1 66 251 76035
3 626 967
2 440 564 85019
3 259 894
2 122 972 2632
1 554 828 17808
2 101 355 35396
2 107 149 34406
3 188 711
1 194 632 74403
2 368 521 1732
2 21 686 2000
3 611 640
2 122 438 57651
2 322 613 68274
3 687 948
2 45 910 6270
3 280 885
2 106 513 46373
2 130 186 81933
2 29 506 75322
2 152 824 3087
2 56 386 80472
2 475 806 67797
3 234 747
3 479 630
1 337 559 7479
2 11 681 67792
1 206 908 8707
3 825 858
2 328 655 58474
2 458 875 27437
3 201 627
2 273 637 59961
1 44 237 63803
2 143 541 22385
3 200 626
3 285 643
3 512 770
3 203 751
2 162 488 81945
2 712 956 72569
1 273 354 4506
2 74 728 91402
2 76 822 66814
3 473 659
2 200 947 93008
2 634 743 68246
2 196 670 32635
3 41 224
1 28 146 16682
2 789 821 53145
1 143 570 52394
3 577 706
1 24 819 86463
1 444 994 68112
2 750 990 83339
1 264 603 56295
1 235 478 14025
1 122 912 89532
1 92 555 78916
2 534 736 34220
2 130 408 54989
1 465 561 75938
3 280 614
2 76 135 65239
1 637 990 769
3 974 983
3 701 862
1 195 924 78186
1 505 635 84831
3 312 378
1 39 734 28370
3 184 255
3 801 891
2 318 732 69216
3 588 635
3 348 882
1 361 894 40357
2 667 923 10326
2 374 938 3368
3 424 832
2 623 731 50544
2 306 441 70921
2 876 894 81175
1 253 427 15507
1 182 864 87546
1 370 794 8656
1 223 462 57225
2 442 483 62899
2 53 607 59050
2 148 298 9941
2 904 997 18840
3 302 580
3 397 996
3 323 999
1 29 253 18246
2 68 243 24566
1 104 643 81220
1 651 996 87754
3 275 372
2 333 941 91097
3 905 923
2 556 587 6246
3 459 883
2 82 825 91235
2 836 960 93848
1 221 319 4693
3 563 743
2 241 446 18885
3 227 496
1 534 924 14469
2 158 199 90104
3 450 657
2 142 497 84940
2 532 587 28770
1 213 582 5622
2 595 633 8091
2 837 879 20253
2 797 860 44858
2 30 137 80207
2 583 990 15748
2 274 545 13645
2 85 227 2687
2 403 787 8466
1 753 824 75316
3 269 343
3 671 989
1 726 859 25096
1 29 141 7066
2 649 846 2262
1 41 744 53917
1 359 560 27054
2 101 765 22234
1 123 133 40370
1 372 476 66177
1 122 825 15700
2 14 418 65887
2 102 380 77512
1 225 799 54158
3 433 816
2 411 747 83404
3 570 581
2 389 576 29321
1 851 877 28640
3 34 703
3 39 439
1 159 625 15848
3 646 862
2 495 906 14071
2 2 512 63644
3 138 374
2 355 510 1650
3 639 851
2 487 622 86727
1 73 599 87071
2 641 670 66536
1 255 475 21117
2 395 889 876
3 113 673
1 132 614 64875
3 455 758
1 469 492 99980
3 313 569
1 238 436 18830
3 719 742
2 351 837 65235
3 86 912
1 231 421 67044
1 319 880 62982
3 356 565
3 519 886
2 221 658 33307
1 51 960 90649
2 168 635 61975
2 715 740 12581
1 22 899 20915
2 199 627 51868
2 355 729 79796
3 331 905
2 210 970 86618
3 197 305
1 167 405 57932
1 253 290 12824
3 159 668
1 7 814 69506
3 10 951
2 75 90 39833
2 612 870 98284
3 127 335
3 188 818
2 36 246 25995
1 491 755 65219
1 58 757 88483
3 112 320
3 514 634
1 202 255 57617
1 512 958 5699
1 882 931 34174
2 191 819 26969
2 435 966 36079
1 375 593 63355
2 308 930 47598
1 416 509 58619
3 704 754
3 400 895
3 94 706
3 131 812
2 77 469 10597
3 626 821
1 800 860 9833
2 359 437 31272
2 61 542 93414
1 336 915 42906
2 535 577 83359
2 21 411 72788
1 944 958 70908
2 135 366 89528
3 223 730
2 159 506 24144
3 7 32
2 55 412 87342
1 128 278 57581
2 124 561 54975
3 157 600
1 490 854 17295
1 15 756 70642
2 190 294 12892
2 324 904 72108
1 178 536 8625
1 101 712 99879
3 143 266
3 168 628
3 42 623
1 39 563 34669
2 35 891 12534
2 245 581 28655
2 118 371 43416
1 380 520 13830
2 505 549 32661
1 390 459 99883
1 211 604 57957
2 82 868 85059
3 343 738
1 126 852 3221
3 210 391
2 147 794 59403
3 73 809
3 49 274
1 219 823 77794
2 841 978 88581
2 309 725 97737
1 237 289 10034
2 641 962 15390
3 378 664
1 421 918 62180
3 30 944
2 238 483 10033
3 432 589
3 194 747
1 347 958 78707
3 480 923
2 484 886 35138
2 74 476 8525
1 559 764 42755
1 189 494 67519
2 36 50 89335
2 787 847 44453
2 194 846 6144
1 353 871 79057
2 610 806 84522
1 523 778 68049
2 92 266 3416
1 129 513 42155
2 684 940 1751
1 6 739 78762
2 51 518 77465
1 193 462 4764
2 260 961 89763
1 133 551 98172
1 143 279 47112
2 913 971 45860
1 181 549 55138
2 562 679 40103
3 418 659
1 368 934 80579
3 91 789
2 541 934 42240
1 577 824 22996
2 460 829 21292
2 413 878 39095
3 667 868
3 611 912
2 354 446 68920
1 442 684 91172
3 24 559
3 140 426
2 55 904 78487
1 664 944 37027
1 484 787 62795
3 97 331
3 623 632
1 736 756 94225
3 309 861
1 629 669 41537
1 320 585 35468
1 289 371 13657
2 236 600 36202
1 410 926 49064
2 219 898 6583
2 508 875 44027
1 46 697 97520
2 221 254 17221
2 57 482 7138
1 519 884 89177
1 115 171 53167
3 38 856
2 106 544 76096
3 319 741
2 309 561 74069
1 150 626 62282
1 480 504 83012
1 642 836 65803
3 811 876
3 725 819
1 143 739 42072
2 20 843 28959
2 396 514 38366
3 787 995
2 284 344 16429
2 70 668 97699
3 332 561
2 22 832 17749
3 335 996
1 54 514 27727
2 76 113 32357
2 596 760 76313
1 455 516 70668
2 19 686 3804
1 632 956 60367
1 893 960 81428
3 181 606
2 752 875 15943
3 455 588
3 559 745
3 531 718
2 346 621 35359
3 186 479
1 586 904 68062
2 108 341 74010
2 251 472 26859
1 441 675 86761
1 272 929 19737
3 163 228
3 557 881
3 64 351
3 57 592
1 370 565 49606
1 122 125 83625
1 15 98 86598
2 10 401 77516
3 30 565
2 111 219 84971
1 8 206 36239
2 185 324 19009
3 192 847
1 80 413 23833
3 387 837
1 523 930 32180
1 38 458 85072
3 280 582
2 673 805 25436
3 646 804
2 734 781 45907
2 400 631 54844
1 771 988 35722
3 474 749
2 370 888 15300
2 372 810 26247
1 781 924 98795
2 259 987 80032
1 187 615 87637
3 2 869
1 491 938 67614
1 211 433 87670
3 652 977
2 68 391 72090
1 171 941 22285
2 570 690 93655
1 622 932 99174
2 255 926 70997
1 623 706 72458
1 345 667 81753
2 750 797 76196
3 10 72
2 733 755 53204
2 216 584 6302
3 110 666
2 503 515 33217
1 197 661 86297
3 59 282
1 246 619 88827
2 594 635 64088
2 365 545 66645
3 339 773
3 765 797
2 453 922 73676
1 394 922 16665
2 448 685 65797
1 165 862 92719
1 588 644 96103
3 491 837
1 260 976 34141
2 687 999 24500
2 350 625 80074
1 426 999 90618
1 19 590 70676
2 287 435 33636
1 287 318 23069
3 146 701
1 54 183 3557
1 743 825 65563
2 498 943 25335
1 94 991 56621
3 728 763
3 292 720
3 12 685
1 341 351 18977
3 835 880
3 76 269
2 65 102 70269
1 22 820 21669
3 204 759
1 354 859 88849
1 161 796 25144
3 350 851
3 30 142
3 272 921
1 185 896 77357
3 652 694
3 5 471
2 630 929 37927
2 516 778 56464
2 41 43 19197
2 515 833 36105
1 299 753 59133
3 496 587
1 229 243 74495
3 325 365
3 174 256
2 85 143 84216
1 178 213 8922
1 279 801 54424
3 313 714
2 470 997 44644
1 507 956 64466
3 680 764
1 396 523 3556
3 719 824
3 322 792
2 540 894 17498
2 418 540 51541
3 39 172
1 75 190 35245
3 335 496
2 302 342 44822
2 224 325 650
1 833 902 44670
3 584 792
3 717 828
2 133 985 2322
2 31 858 55598
1 115 745 47030
3 128 386
2 41 389 53337
1 123 314 97777
3 780 818
1 79 477 12818
2 382 547 57085
1 385 584 92019
1000 1000
86566 60562 47164 26591 1863 58532 13831 90540 24281 95273 78488 83435 42051 46755 39677 24611 72794 60216 40690 27622 59879 31437 82202 55048 28118 19405 62747 91435 48158 50985 51318 41333 74376 38137 96705 93635 30430 18497 32227 61111 66993 83151 65420 54828 20262 64416 35630 34922 20159 85474 44476 78197 83650 53588 74590 42400 67656 86282 39726 5695 55428 58605 54162 58970 32781 223 72150 23933 55178 15516 11333 95404 67353 52572 9668 18612 21437 11956 69675 87517 62146 12701 62145 40635 46413 21868 77363 17188 9732 66176 71152 5084 47543 13435 57988 21676 586 42535 10799 66513 43169 76762 63778 56400 9671 25972 41909 77223 14394 13733 21191 40319 97558 28716 40883 69501 97244 6266 34732 91800 34975 62132 75029 32805 79372 38423 47839 41423 44339 96086 46240 81890 42934 22687 332 32934 99885 82973 54547 55816 72211 96342 56119 16724 88400 25299 35336 75807 69412 9696 17341 72001 96621 48874 20913 62912 38965 88613 50808 67591 7996 66032 56701 61813 42717 93040 38362 21490 30687 86904 44466 78909 7226 85834 97646 25216 64804 98520 12978 20357 91032 81603 88507 22914 93377 1125 73048 82735 65448 46442 14786 39320 5112 10584 55674 27886 92586 99855 1245 17497 19282 15787 15590 28648 65445 63591 45024 65448 83653 6204 58214 4050 97803 25672 81402 80831 63824 48233 42206 44215 66392 57288 64754 49959 64572 47090 35818 32657 37906 58049 68843 79325 25018 92410 8227 88174 7687 71728 22594 31791 71401 92678 33368 66156 77075 6993 14541 61468 37262 31515 88055 3932 68953 54660 68987 78008 20731 28995 7971 88642 65735 88267 17048 67204 37770 4393 19036 50258 62709 73385 11527 41721 53281 55288 38396 77653 63043 69699 85512 26622 87854 87903 15766 66625 6976 78466 15505 77325 4266 70095 42487 83460 93407 17455 75671 24018 11608 21466 82375 96570 87201 49974 60836 76139 35908 92662 62086 46321 28688 72291 68415 18344 41445 36312 37617 86604 60095 13735 49385 37612 79325 88729 5692 39260 6509 68051 11900 96426 38389 68148 7670 40328 81408 33178 97452 58984 23428 63941 97386 67846 79788 80595 42375 16926 7687 41259 61530 70751 74092 40661 34774 36856 97735 48326 49604 7310 53509 92057 93724 83407 81112 97401 63711 6881 56903 57563 66515 68916 21654 29736 48220 32054 11085 65849 3636 97221 95655 79195 32039 4831 38905 72401 81549 78517 32221 34233 11236 57822 8027 13863 31754 52168 65427 1453 17076 26729 65641 19004 19790 88403 43053 51236 33136 80838 33701 40279 94264 77952 3834 29260 78058 48688 93180 35008 41953 24456 26675 45143 83408 72240 36803 83359 51962 21718 30907 19829 68426 1059 79290 13473 1584 19466 16062 74813 82329 4858 79178 16051 98090 53011 46420 70532 45784 58517 21064 20644 26598 41523 60028 4451 62428 47111 68018 3207 26689 46527 71299 41141 59286 63381 60654 20014 33742 34940 9725 21942 47853 55446 58415 18064 16763 81154 17512 85444 7589 88723 62962 15651 37617 13084 94477 33378 16348 98536 50842 35586 56690 78534 38304 63728 9386 95425 38201 13127 27067 30989 15485 31923 21662 62589 99113 36465 84129 24978 42571 51475 5093 57326 94636 18239 86582 66087 31642 13207 62788 31031 97105 46611 76866 34895 65158 51946 75450 73740 72688 17456 32075 98786 60659 28153 52385 35413 34346 51260 7888 13702 20592 42771 940 25546 91339 98334 16999 41047 44278 74695 67336 5079 79594 50368 78436 93151 21032 18600 7836 68666 75941 44717 45107 30142 28115 51660 18986 21568 89768 92852 49563 6178 98828 83560 99342 71755 62180 28803 42394 32304 44854 11189 87996 36398 48953 21420 7629 41177 1595 17486 26723 10478 87150 3746 51879 25957 23984 52783 86798 27106 21941 96700 50006 95947 9299 44215 89790 63252 14794 95313 5315 36598 78734 35270 69139 93886 5330 90586 44336 87265 84979 31263 79811 56973 54142 76435 32057 36731 51583 82823 87743 80801 51527 22842 58613 30980 34073 9219 12370 24298 8497 73806 51925 37325 74353 40861 50691 29292 21322 60144 91873 75932 38371 51200 88751 24443 70281 35973 97503 44261 18900 94775 64689 11775 2321 4113 91725 42769 17873 69553 44349 16433 90573 72124 45764 99002 16116 43455 43166 5564 21555 18641 32245 98444 59200 52244 40605 58460 3 45434 24237 2438 66754 44036 7290 513 82311 77477 78386 39158 60400 50501 24722 65997 17267 73857 29797 11872 90635 58512 67001 89617 44387 75137 5087 5303 32350 78208 35327 98868 27265 47735 70902 23010 14174 12657 70189 96011 86942 58522 67991 8408 35849 85890 85574 89473 76149 75264 76683 32260 88393 78099 26920 78385 96717 9412 88596 51809 20080 20391 63818 19174 74389 21472 40014 20446 40795 51811 29886 55361 80872 33651 8944 70650 12273 58572 19502 76723 27785 95485 3690 5768 47939 29100 95871 38334 5381 74302 69543 25452 55403 6318 56467 25559 80309 60826 56522 67164 4719 16989 9504 49479 81819 28150 40146 20448 96252 69096 70204 44997 79585 12539 45015 690 20909 84385 72370 78269 61663 81298 15276 71806 82627 67448 62252 79339 94484 21351 25629 7874 46444 83044 42217 7616 6537 26534 656 36879 28350 56154 10085 81659 97203 1536 3205 28037 44986 6483 45525 70193 13328 74758 2104 24250 83115 31466 16586 99174 84934 71596 40635 51572 77318 4795 84331 62609 39016 66887 23262 33770 52938 77925 59261 74043 80818 22575 57993 69894 88639 89512 15228 34272 66122 16413 11070 10181 1048 44487 5120 84843 9119 96142 51801 89940 88658 59367 67035 318 73387 87485 42449 10165 55157 45198 4152 28008 13555 37900 72470 92504 22031 4676 5563 57388 65507 11323 65651 13890 52510 66900 16292 35232 49876 20815 87115 24232 29028 63020 83341 9802 13639 51180 69916 73652 25074 66328 44905 6341 89256 47931 38433 71455 39584 74826 82437 75802 6094 98853 84010 32277 1872 68309 40777 40711 46903 71092 66787 38676 83952 55245 13685 88635 33582 51000 20980 16748 36150 7496 56870 75991 81575 42080 86365 32415 45188 3551 97136 5870 35775 26589 42359 1698 23395 92333 25091 4325 60606 38210 35063 80474 74729 91950 15655 65299 6198 77158 4748 80608 83605 17633 13601 71361 90530 79135 34590 20317 5423 49670 68686 42635 89450 94952 34639 21421 
1 199 750 2663
3 298 831
1 822 860 77043
3 236 576
1 124 571 46906
2 533 629 56373
2 50 381 52474
2 339 528 27809
3 52 382
1 381 418 21125
3 258 360
1 304 375 18089
2 47 806 78112
2 483 845 11000
3 292 296
3 241 591
3 427 971
3 396 671
3 660 718
1 503 855 18072
1 575 664 54708
1 324 329 88079
1 413 463 28213
2 380 664 8688
2 22 89 13578
1 540 613 21344
1 372 660 16657
3 669 687
3 443 453
2 654 962 68099
1 213 592 91041
3 156 844
3 335 593
1 554 877 39805
1 763 832 95599
3 75 749
2 791 918 43288
2 302 923 503
1 203 576 5723
2 804 838 62554
2 137 371 79334
2 77 947 98163
3 782 785
2 233 473 16295
2 121 266 39207
1 19 108 15561
2 548 853 86816
1 740 878 70344
2 461 926 79817
2 282 882 75522
3 539 911
1 753 914 53631
1 473 935 34499
2 639 770 88272
1 406 445 79293
2 327 595 56388
1 202 499 81533
2 649 942 62312
1 23 476 84340
1 341 711 20296
3 243 684
3 817 886
3 235 603
1 655 662 50118
2 134 954 75042
3 179 814
1 153 303 70013
2 454 982 6185
3 956 979
3 436 540
1 675 736 64042
2 547 956 84564
3 481 752
2 496 684 52298
2 507 851 76152
1 380 385 3346
3 602 816
2 554 795 39697
2 22 476 23758
1 135 768 83195
3 489 913
2 346 405 37280
2 65 826 61194
1 81 315 46111
3 29 563
2 223 579 98237
3 655 884
1 239 866 82450
3 203 765
3 454 480
3 327 791
1 621 865 75508
2 330 697 806
3 138 839
1 320 837 11582
2 334 953 91356
1 19 767 19523
3 145 160
3 84 654
3 360 841
3 491 616
3 20 821
1 741 819 28905
1 71 119 10883
1 207 545 10262
2 307 423 38654
3 93 756
1 419 914 55772
2 3 15 10765
1 18 951 41382
3 116 553
3 6 238
3 689 919
3 377 977
1 51 195 67327
2 200 395 5899
2 878 897 33268
1 512 519 89196
2 533 966 66812
3 373 603
1 845 940 72168
1 183 524 61542
3 545 678
1 57 210 1145
1 235 274 25465
3 601 820
3 100 582
2 729 814 18397
1 186 392 10241
3 360 438
1 199 452 68440
2 385 957 25182
3 264 387
2 550 946 38654
3 788 806
1 188 741 66428
3 153 815
2 854 982 80868
3 720 751
3 114 930
1 251 753 93428
2 239 867 43611
2 87 499 40596
1 268 552 83050
2 284 811 34558
3 172 219
2 718 836 15343
3 716 945
1 17 276 70302
1 276 892 72848
1 736 907 64636
2 26 235 28048
3 47 321
3 371 501
2 374 834 92927
1 542 917 80365
1 571 833 86860
3 748 975
3 571 682
2 251 378 77023
3 722 763
1 344 481 4083
1 485 555 97998
1 178 298 2551
2 663 998 46779
2 82 286 20772
2 161 831 38634
1 646 969 86994
2 542 742 94302
2 58 88 40207
1 784 825 92067
2 326 876 63584
3 206 375
1 191 979 18499
2 19 791 69908
3 29 225
1 556 657 67227
1 48 213 82203
2 55 344 53724
1 505 667 17978
3 154 593
1 356 705 70908
3 177 612
2 106 529 66856
2 749 815 39347
3 504 524
2 31 186 62279
2 526 806 55809
3 650 749
2 213 270 92001
1 81 270 10993
3 521 735
3 245 607
2 822 882 10954
1 215 333 33156
3 146 200
2 145 761 96372
1 855 882 6556
1 86 900 37907
1 651 727 59801
1 710 922 15949
2 525 869 51220
3 285 769
2 45 850 91425
1 14 538 77181
3 650 806
2 348 736 37953
2 76 700 33635
2 383 763 80015
2 79 597 90043
3 204 626
2 786 982 13380
2 508 594 27433
3 147 355
2 156 722 99088
2 92 340 15531
2 367 904 96719
1 23 656 92162
1 280 521 61010
3 202 983
2 106 709 88581
1 594 883 43021
1 26 662 10726
3 219 774
3 201 629
1 4 785 6697
1 600 740 52638
1 681 904 89160
3 600 931
3 206 675
3 185 664
2 85 811 61637
2 493 762 62750
1 413 641 61958
1 119 848 60362
1 346 679 34642
3 766 790
2 127 517 87168
2 363 950 7744
2 167 734 64536
3 283 773
2 350 606 70606
3 139 675
2 205 700 75755
2 389 532 1042
3 150 454
3 566 874
3 102 630
1 496 976 68958
1 181 285 97899
3 681 1000
2 117 836 5856
3 577 916
2 500 790 22654
1 125 362 36496
3 617 854
2 853 897 33163
3 53 81
1 505 562 84833
1 133 836 86633
1 424 870 85150
1 195 991 80342
2 11 609 63436
2 497 537 87370
2 790 938 48981
3 584 613
1 47 685 69754
3 504 747
3 259 374
3 132 859
3 344 647
2 384 867 16996
2 519 759 20877
3 442 780
1 198 370 72611
2 297 429 94498
2 653 989 43106
2 377 949 16671
3 59 360
1 117 389 88546
1 225 461 50726
2 303 388 85054
2 481 559 25250
3 425 482
2 268 915 46895
1 119 753 16778
2 164 343 58417
1 638 758 82102
3 35 69
2 133 224 40848
3 243 531
1 159 299 77140
1 312 741 14968
3 33 258
2 50 82 9956
1 259 397 88636
1 21 37 30006
3 423 929
1 515 816 80726
1 144 844 80626
3 24 455
1 346 422 21916
1 528 977 22084
1 196 511 36858
1 736 883 92670
1 37 795 49626
2 636 839 58065
3 455 881
1 167 588 11677
2 456 572 53879
1 72 941 16125
3 403 779
3 80 851
2 258 690 30642
3 77 665
1 348 492 26773
2 72 262 72450
1 121 224 93187
1 726 977 29614
3 119 231
2 303 776 12087
2 869 876 31680
2 477 498 26095
1 484 895 25758
1 705 772 44783
1 591 613 51787
2 118 154 83465
2 246 434 6672
2 542 856 55813
1 248 269 30229
2 878 968 388
2 813 878 35338
3 84 521
3 587 867
2 48 829 81808
3 232 974
1 375 986 20278
3 360 957
3 298 878
2 61 594 64019
1 565 998 79049
1 110 712 8381
2 259 918 23513
1 333 485 2486
2 120 797 53549
2 443 817 87480
1 124 863 85935
3 185 679
2 123 663 22572
1 5 918 49215
1 383 826 45259
3 57 940
1 608 858 93616
2 104 171 57544
1 387 755 93443
1 377 964 37627
1 75 351 77703
2 594 611 23758
2 50 582 99710
1 462 512 97080
3 413 832
1 112 525 48965
3 346 642
3 96 225
3 227 378
2 476 647 89976
3 286 862
1 102 211 7604
2 9 414 26809
3 661 772
3 299 707
3 230 628
3 142 172
3 544 941
3 678 863
3 31 175
2 231 814 60501
1 7 964 50246
1 226 407 7719
3 5 525
2 82 481 62644
1 589 596 63408
3 118 612
1 499 584 67838
1 158 770 15686
3 732 949
1 736 737 21967
3 614 842
2 757 915 33445
1 202 709 58876
2 387 530 26249
3 307 995
2 70 647 48990
2 894 987 53574
1 46 617 77156
3 579 795
2 936 973 68213
1 457 766 93147
3 336 756
1 275 819 95136
2 756 816 11404
3 200 640
2 182 903 89403
3 338 528
1 147 820 41566
1 126 673 85789
2 331 429 10255
2 60 709 62471
3 271 492
2 47 346 91664
2 108 322 70937
1 628 867 81906
1 643 934 23419
1 384 553 98763
2 572 981 37556
1 758 952 38929
2 480 947 90878
3 133 913
3 336 874
1 394 970 50684
1 332 487 76621
2 90 150 82825
1 388 571 87308
3 438 804
2 454 577 66959
1 517 931 97421
2 838 950 3326
3 472 514
3 721 805
3 125 299
2 447 584 96048
3 562 795
2 700 989 88081
3 387 908
2 575 647 97835
2 20 747 92814
3 130 969
3 112 662
1 291 522 24336
3 2 858
1 333 851 73728
2 30 169 90536
1 608 913 79019
3 183 912
1 349 431 17672
3 381 933
3 269 985
1 69 762 65048
2 8 514 58362
3 65 126
3 373 676
1 53 738 58089
1 172 499 80450
1 14 52 57065
2 319 837 97611
1 340 926 28953
2 640 819 71678
3 186 447
2 270 583 15257
1 385 850 28942
3 329 960
1 701 779 38035
3 67 801
3 388 730
3 598 601
1 619 980 20963
2 179 694 96957
2 452 725 65453
2 221 225 68897
1 515 590 42786
2 138 881 56655
3 500 875
2 253 757 76236
1 237 502 13573
3 197 944
2 367 986 84588
2 163 249 45788
3 536 694
3 9 785
3 642 891
3 91 689
1 356 929 31759
3 97 340
3 48 756
2 328 728 82184
3 636 720
2 580 931 8492
3 79 711
2 512 930 18767
1 463 976 6746
1 790 939 79162
2 317 575 172
3 274 674
3 850 924
3 81 141
2 141 435 38994
1 585 715 11877
3 15 875
1 185 860 21110
1 654 825 3209
1 338 358 71190
1 4 971 78547
1 56 832 81458
1 83 350 25407
2 434 583 95468
2 27 453 5400
2 582 994 58717
1 298 717 13021
2 236 277 32158
1 535 596 75585
3 60 184
1 356 901 54994
1 566 964 61170
1 26 558 58141
2 351 584 11073
3 550 796
3 167 915
1 540 642 81585
3 139 659
3 92 945
2 658 976 80775
3 129 598
3 229 820
2 531 641 44174
3 705 727
2 347 942 62617
1 903 985 12525
2 12 872 40638
3 294 740
1 87 222 82357
1 335 739 2232
2 397 941 57046
1 93 309 3954
2 515 720 53450
2 616 789 45307
1 24 323 62430
1 566 634 12740
1 477 509 48727
1 819 983 15429
3 498 509
1 83 391 59952
3 550 661
2 90 115 22516
3 10 209
2 1 364 11958
2 264 265 6140
3 77 897
2 108 548 90031
3 589 722
1 246 683 12449
3 694 754
2 281 879 6569
3 610 737
3 695 868
3 250 874
3 40 138
2 390 856 58770
2 275 313 25449
1 101 199 2650
3 439 466
1 685 754 18325
3 678 898
1 296 345 90185
3 267 726
2 305 410 92410
2 279 387 63641
3 12 656
3 413 681
2 517 999 74424
3 656 916
1 120 436 74876
2 790 971 54061
2 28 885 49270
3 132 386
3 298 907
2 145 674 50317
1 638 996 87854
2 302 440 91264
2 71 315 56212
3 122 325
1 601 919 52941
2 47 893 11477
3 2 390
3 435 571
3 93 739
2 414 756 47707
3 187 551
3 931 948
3 840 891
2 87 686 33680
3 479 893
2 431 930 81899
3 29 559
3 602 612
1 572 733 78796
3 124 929
1 128 594 90801
1 228 763 86678
3 498 921
3 730 917
3 478 480
2 373 713 62439
1 306 723 61639
1 706 892 26835
2 359 574 13557
1 464 827 22495
2 99 151 97994
1 411 549 96005
2 26 915 7296
1 288 298 73307
1 249 379 18010
2 281 613 63712
3 148 712
3 501 641
2 34 634 67366
1 378 878 99511
3 493 768
2 518 550 1094
1 51 66 10624
2 74 464 26673
3 135 644
1 364 919 29667
2 620 994 22001
2 103 547 13810
3 434 591
3 802 931
3 85 605
3 707 828
2 60 603 49628
1 101 450 16947
3 593 649
1 229 707 34932
3 19 147
1 162 764 129
3 792 846
3 547 843
1 177 308 66928
2 68 934 73327
1 409 437 68025
2 25 273 68969
1 47 380 20974
3 467 775
1 189 471 25848
3 57 94
1 102 117 73820
3 98 607
1 11 513 4679
3 12 843
2 400 429 71440
1 546 864 17794
3 701 709
3 182 206
1 7 28 26968
2 469 819 2678
1 379 983 13027
3 265 515
1 383 808 71932
2 726 759 76215
1 209 517 59578
3 83 681
1 172 281 87327
1 536 602 69701
2 228 550 91188
2 160 456 98408
2 810 897 18020
3 297 822
1 507 851 32101
1 188 860 73505
2 707 935 87756
1 198 804 40298
1 722 847 72688
2 648 995 2477
3 118 246
1 66 349 45004
1 39 889 18643
3 451 644
1 249 627 28320
3 761 780
1 480 993 47264
2 251 669 3627
3 361 478
3 5 908
2 365 718 18187
3 525 864
1 205 767 98714
2 14 757 38045
2 346 519 94271
1 558 955 28551
1 170 785 17257
2 156 546 40575
2 522 768 83276
3 343 951
3 740 924
3 896 963
1 68 565 18459
2 420 733 61138
3 154 221
2 13 744 58041
3 710 720
2 28 914 88592
3 13 768
3 102 815
3 582 819
3 101 349
3 118 613
1 250 848 6505
3 563 616
1 734 803 54430
1 791 889 42993
1 92 452 88687
2 431 916 81078
3 66 316
3 63 876
3 282 316
1 184 559 41697
3 91 282
1 26 379 84882
2 803 937 26828
3 109 237
3 94 201
1 30 59 85934
1 326 401 77734
2 570 646 45888
3 610 939
1 409 778 38138
3 162 853
2 633 817 75329
1 435 582 53319
1 251 317 41036
3 149 847
2 376 957 21761
3 166 263
3 617 723
2 244 270 17452
2 430 963 324
3 58 948
1 454 839 56912
1 6 939 77391
3 17 65
3 19 281
1 438 578 21716
3 326 669
3 31 817
2 964 995 95363
2 227 685 90275
2 118 838 33544
1 358 625 21947
1 545 770 64464
1 176 392 357
3 71 724
3 72 582
3 146 453
2 182 760 95342
2 265 417 13151
3 135 320
3 369 888
2 547 962 96219
2 554 597 81921
3 243 896
1 18 951 94204
1 153 303 79196
1 186 639 14528
3 30 933
2 239 497 3012
2 856 865 86604
2 299 815 54621
1 281 846 7946
3 899 923
2 46 645 65115
1 321 814 57777
2 8 855 91316
3 124 707
3 791 963
2 19 68 53254
2 188 918 95976
3 689 827
3 80 104
2 38 880 96722
1 68 854 3583
1 665 735 75167
2 307 865 16758
3 325 955
1 23 325 98998
1 138 799 14755
3 436 814
2 162 917 72574
1 829 955 16288
3 107 566
1 375 655 29060
2 269 736 80238
3 488 884
3 653 972
2 229 921 12740
2 109 977 30378
1 401 960 38298
3 402 891
3 678 964
1 373 790 69735
3 65 410
2 8 358 99183
1 8 980 57751
2 116 596 31075
3 665 729
3 175 803
1 423 800 29918
2 197 894 26333
1 348 429 82925
2 131 817 2591
1 520 770 52316
1 196 799 83633
2 294 690 94513
3 61 463
1 578 727 23562
1 411 498 64720
2 189 295 15521
2 167 572 41243
1 204 307 27566
1 52 225 29016
1 452 926 83379
1 391 903 25787
3 565 913
2 173 897 94485
3 227 388
3 72 384
1 601 960 62024
3 440 721
2 481 638 11036
1 538 772 29102
2 299 749 68492
3 157 194
1 84 938 52546
3 485 630
2 432 530 59783
2 294 953 75993
2 559 907 41931
2 479 752 3656
2 155 964 74990
1 116 835 82136
1 376 716 9022
1 18 535 82949
2 501 631 78252
2 717 782 84506
1 56 546 91123
2 389 721 34360
2 591 800 14821
3 698 860
1 940 971 52266
2 154 358 62802
3 569 658
3 170 961
2 246 792 95672
1 648 896 44442
3 344 932
2 201 473 41001
3 186 567
3 481 487
3 109 446
1 625 755 38065
1 468 519 89040
3 536 976
2 299 640 55648
3 130 883
1 85 586 24027
1 231 367 75912
3 389 414
1 455 757 3944
2 193 622 42883
1 89 219 47247
1 240 827 21087
3 136 603
3 203 721
2 233 807 96800
2 395 743 68269
1 176 319 69345
3 333 779
1 509 674 31498
2 127 502 19402
3 545 837
1 557 632 70485
2 203 812 78554
3 795 942
1 441 986 55787
1 58 521 29236
2 211 779 91270
1 189 324 1459
1 62 254 16989
3 926 997
1 317 857 11510
3 74 945
3 291 443
3 135 552
2 170 355 3055
1 19 280 3119
3 1 60
3 311 488
3 146 148
3 592 745
3 139 523
3 559 650
1 31 58 86845
3 422 938
3 17 183
2 106 406 64470
3 101 359
3 179 894
3 19 370
1 210 535 13404
3 572 603
2 456 677 51165
2 83 282 69963
3 773 840
2 30 353 80041
2 465 675 89261
3 293 320
3 165 892
1 468 622 52435
3 14 480
3 122 432
2 717 850 21291
3 94 127
2 605 978 92005
1 318 873 44565
3 125 566
1 95 215 19450
1 514 590 64640
1 414 810 95074
1 524 825 95325
1 419 738 58067
1 951 980 82304
3 606 694
2 161 257 34272
2 673 999 36261
3 485 764
3 48 333
2 176 664 15750
1 76 447 5254
1 701 902 10039
1 330 837 64757
2 6 399 39691
3 221 824
1 915 994 41027
3 122 247
3 112 934
2 300 317 70578
1 202 679 55075
1 753 862 33400
3 178 391
1 164 221 19348
1 409 1000 76684
1 442 729 36921
2 946 984 23064
2 633 706 33830
1 699 976 68993
3 225 527
1 228 442 11114
3 134 210
1 588 966 9524
2 9 852 31386
3 103 386
1 22 626 87388
1 20 916 85869
3 37 860
3 403 708
1 107 637 82493
2 440 773 80387
3 397 661
3 626 699
1 842 868 84793
2 125 777 14599
1 730 739 3788
2 28 441 81882
1 686 916 75910
3 245 465
3 287 653
2 409 914 30056
3 274 915
2 252 754 45040
1 738 929 95074
2 819 936 60661
1 44 785 48478
2 274 874 6198
3 497 585
1 370 900 82372
3 622 914
3 112 516
3 514 678
1 335 586 44212
1 303 574 22665
3 252 429
3 263 460
2 446 990 41870
2 762 935 51214
3 118 339
3 298 839
3 154 849
2 171 876 58454
2 6 126 53218
3 227 259
3 585 877
3 465 572
1000 1000
48072 97330 43315 57268 36569 51678 76318 88273 83644 12400 16068 41491 231 43267 22258 1287 43168 96101 28770 49136 18275 96602 9137 68422 15522 67088 93422 62794 58022 35707 79790 16267 44852 73292 77372 17838 87083 41586 53261 93438 87242 2861 13938 88720 48335 52619 7144 42065 65081 78146 76105 87118 30511 92809 58309 98272 75609 31411 76043 72786 1132 73544 28096 41360 60836 80225 11123 39278 18921 1440 66343 68306 58292 80010 11471 85919 71499 2658 87033 97023 58568 22756 19745 8075 94136 88058 74406 94874 23999 89662 9817 86629 27992 5965 78001 74899 99610 40612 51356 35750 84183 45146 97392 18784 51742 8602 95840 56819 71136 86811 35978 27492 58895 32957 70029 63803 59235 72418 85623 5322 8630 61031 42301 64600 60239 22974 60004 32264 39484 60266 11420 52811 7768 92661 90892 60126 60748 72689 37384 6529 86290 82729 84863 94614 24500 44740 19537 562 40755 30198 75262 58659 39332 56706 27513 97886 39860 81167 78204 51076 28908 71206 15861 1296 71792 3109 34718 49280 49570 74372 47403 74397 71844 41666 87004 62856 5370 78506 19185 4323 61165 75176 88221 52026 18635 41249 87380 15852 72364 63732 21278 26138 61392 5452 30605 22026 13572 73055 95147 34808 85060 38854 95053 58490 40218 16504 38884 29198 43588 30725 1714 93027 73812 5549 46329 27169 43985 76859 74255 55958 73530 72033 95726 61085 57259 61681 33448 84781 66424 88916 64311 19035 45046 73291 67314 6349 48633 72161 65148 74525 69880 27465 47223 70630 36493 31096 81622 91726 86680 90433 27312 68975 61571 32106 49008 80451 57600 71976 28328 38220 61199 93595 80166 52222 21532 68424 24543 44650 805 52879 78856 26215 32313 96104 48932 11807 80187 38303 27512 14515 76806 70697 48250 34028 22058 34 51431 52767 39541 43205 77907 10428 70638 7239 58907 4372 84442 86704 46263 91492 39489 82839 89644 41058 874 19065 19102 24803 44355 62293 27906 69382 28413 55431 50737 10817 20 33183 98744 8678 98413 96605 69228 7569 16344 94924 16252 38257 43956 91320 23487 23952 75474 5421 34316 15713 75281 56653 60584 79525 43880 9294 71513 12794 39875 66990 31065 50721 79269 93011 8071 6570 31116 85763 30392 15998 16689 23069 82923 9129 51374 63603 6681 11906 56475 55781 24523 84792 34065 15450 65958 60954 15151 24285 93153 32003 50843 1458 14423 79681 94560 30100 83608 5793 19093 9036 74650 51544 48287 95472 61837 82000 35053 12277 53099 74413 85056 23027 65934 30139 50414 38644 45820 89686 12028 56343 53086 43318 56136 18920 2254 38069 43561 35348 10254 40221 98030 53195 52118 46835 15683 27127 77605 24666 58515 67315 9625 16838 96583 29354 10841 28670 87660 72718 66415 53325 66482 69169 28627 40805 45424 3715 62531 10576 80709 38792 49711 48468 94458 64213 59728 82018 49092 50503 35033 20188 79045 85761 47813 10657 4434 64192 84144 25878 57742 25276 38434 50290 62645 16605 52966 31590 97942 23927 41240 13095 31000 90948 97213 2553 12605 80093 24205 40954 28579 72180 69931 38761 95751 7569 83509 50225 17829 51655 38998 64245 42970 80979 44089 13658 91882 12400 2745 70635 70302 62745 29363 51373 133 10012 24381 80641 90043 12855 77872 43503 3591 65715 57984 92565 96222 74361 14060 21419 12453 25845 5969 57457 17235 41318 49945 32952 43285 17790 92592 33066 88396 14460 69304 38552 39185 76996 33650 18110 54520 3256 42077 99508 20690 80278 34171 86484 47372 96301 58350 98178 90037 35676 71843 50333 61341 75337 74372 50305 51289 19547 7729 65847 1571 37877 457 49882 36447 31312 15170 53637 80408 61139 50616 60894 15816 32689 2946 858 95574 32832 30784 12556 74394 43089 15472 57261 92252 74065 75361 60233 49787 27739 74334 15364 71721 70583 93292 19975 83923 45107 64335 88203 15519 29469 82662 9921 92750 4538 75319 2811 31105 56134 1733 25626 80055 85385 42462 20950 24820 85073 58353 47299 83358 98546 701 30598 24641 53463 24452 44532 1811 34531 34494 20867 89297 64809 19338 76368 6344 49732 62111 40556 47407 59252 90049 51779 82769 59862 60527 16970 78249 16158 4442 94693 39463 40307 8976 60434 38191 34312 71189 57301 4928 31507 3123 81121 42322 76075 40616 94656 60889 94563 81534 48031 8070 16125 27577 217 78956 10957 19113 44030 29504 86443 53182 32576 55993 62868 50267 59258 9079 92382 65060 60574 61729 90550 5873 70713 51654 79736 49637 20708 29605 48202 51864 18058 14280 68054 72079 20785 32555 19553 89678 76391 66171 79309 36580 18987 33433 62983 81412 54004 70909 31342 64948 98 77015 94465 13022 54879 48561 13283 68164 41586 76689 50991 16688 83936 61755 45713 24873 1599 10835 29384 77538 20248 98847 10039 87821 33464 20490 47362 37677 19475 9093 74923 22057 91638 83593 56713 63100 93864 61016 48801 59465 41083 62113 6116 89835 55093 30849 1253 62283 69110 52871 10197 90731 97669 74864 11645 15647 99451 6225 79191 52667 80524 61619 61802 64231 24653 92217 40896 69744 56550 83165 46565 5976 59990 85464 63550 14637 8349 17088 92292 24631 5387 67243 37884 91371 50850 18834 51764 18877 19434 2002 45947 59698 57105 47499 12349 23187 70460 1419 29755 67485 92623 6053 94275 81686 81493 61595 67249 26522 84173 92987 26946 17171 38897 24036 15152 18503 43108 72650 18671 70347 57079 78991 79618 51062 36183 99314 94619 13776 31031 61860 89262 99945 54134 18708 784 62950 21933 86253 25681 29942 40439 95829 24275 35842 99677 10646 39974 78979 60061 78650 71074 88174 81174 30095 3872 73482 53811 56138 43958 88866 94162 71623 53293 12374 73711 10735 28288 32140 52370 47986 11026 62276 92945 63092 57772 4969 29763 132 65523 42531 9443 49671 57026 92777 23869 18228 29865 81459 83928 44216 98 13550 78336 73209 36107 53897 43118 92440 93477 37965 23607 48272 30760 23017 62478 91931 75905 5195 10838 97843 42473 86634 72041 78486 45667 69472 66110 20098 29937 73973 41114 68960 14227 98615 51254 81470 28926 16806 64808 79988 88917 32267 20145 2504 46151 37097 10530 15501 91236 82540 63500 86118 32669 82045 98435 99529 13623 84119 71981 36222 10892 58260 6413 25511 71646 53345 88999 49721 11737 18257 87471 3752 28100 10669 86771 96385 77603 36328 14273 
3 62 810
2 538 577 71189
3 13 412
3 265 658
3 334 967
2 687 962 11700
3 319 759
3 48 529
1 287 449 85578
1 218 270 13187
3 330 587
2 403 626 43827
1 77 724 24090
1 648 719 21045
2 66 570 29500
2 49 977 74143
1 773 813 5459
1 4 421 97135
1 405 643 72200
2 452 695 65866
3 188 421
3 374 697
2 336 473 14800
2 9 796 63232
2 292 346 51058
1 244 999 90618
3 3 470
2 163 432 85340
3 498 540
3 324 807
2 840 897 85967
1 304 555 18018
3 12 292
1 917 998 43236
1 398 558 2903
1 183 670 63339
1 482 628 26609
3 361 535
3 16 312
2 233 513 7323
3 65 158
3 564 676
2 12 598 80530
3 54 799
3 185 642
2 300 800 44340
1 76 791 38016
3 106 786
2 492 739 50191
3 144 283
2 625 840 25435
3 837 989
2 629 821 62638
2 284 637 30029
3 311 513
1 804 804 52351
1 516 899 26068
3 475 683
2 508 917 44328
1 334 820 69027
3 405 872
1 293 519 5274
2 417 839 76547
2 569 782 32078
2 742 814 48184
3 13 973
2 7 453 9773
1 121 163 27642
3 258 615
3 65 148
3 133 591
2 140 997 78972
2 4 857 24539
1 290 956 26644
2 314 493 83958
2 455 861 70770
2 114 599 85853
2 492 783 39872
1 538 923 21129
1 514 571 16696
1 659 913 12742
1 495 921 73644
3 344 395
2 45 414 6873
3 945 992
1 113 940 70691
1 315 672 23882
1 260 601 55555
1 588 920 4847
1 755 897 24071
3 206 244
2 287 517 95827
3 235 528
2 766 852 306
1 18 366 32038
1 382 449 99535
1 391 573 46321
1 44 466 35703
2 468 694 80458
3 235 844
1 392 861 97475
1 981 988 47718
1 154 968 91791
2 694 719 53603
2 147 333 30486
2 166 424 84782
1 87 530 57414
2 352 753 27072
2 586 1000 97232
1 126 836 47708
2 282 618 58509
2 678 711 87414
1 602 832 6446
2 29 970 63842
1 4 369 79785
3 511 548
3 212 393
1 776 988 87572
1 418 851 83299
1 182 197 67759
1 453 796 90807
2 391 623 90667
2 647 809 62268
3 490 596
1 779 877 773
3 778 931
3 671 744
1 215 779 59755
2 909 948 62261
1 425 592 80675
3 25 851
1 613 842 5307
2 33 402 23849
3 143 798
1 100 302 21831
2 300 931 80086
1 189 342 66264
3 266 467
1 375 532 39669
1 445 760 65630
1 16 638 55957
2 139 640 33773
1 55 591 61982
1 12 290 97968
1 163 837 94522
1 369 950 25709
2 178 735 10541
1 292 431 4569
3 266 452
3 76 385
2 359 397 68862
1 368 682 67945
2 683 830 13408
2 289 956 8061
3 758 842
3 194 876
2 132 818 32111
1 509 856 13741
1 501 769 41262
3 778 935
1 185 257 56374
3 189 453
3 97 457
1 90 617 16756
2 751 803 17287
1 34 901 79482
2 245 413 38636
2 678 688 53335
3 31 868
1 158 696 94523
2 162 241 9975
1 352 792 15567
2 39 742 59168
1 42 283 16663
1 750 966 94161
2 828 994 62409
3 11 587
1 482 576 70577
2 6 591 10889
2 35 826 15061
2 623 685 7848
2 293 349 66224
3 103 211
2 283 497 85779
1 418 994 89502
1 439 729 96545
3 199 772
2 372 818 83107
2 71 786 53272
3 692 710
2 103 406 346
3 759 917
1 22 970 85514
1 620 861 58612
1 850 949 975
1 575 621 86501
3 469 605
2 213 876 50560
3 27 138
3 478 797
1 164 582 45346
2 292 873 74261
3 178 793
3 597 844
3 422 986
2 841 886 45373
1 229 938 98682
1 749 841 99047
1 590 943 57551
3 43 244
3 7 340
1 171 220 39754
3 857 984
1 780 879 25893
2 740 944 98159
1 2 388 73298
3 341 604
2 170 549 66331
1 625 799 38371
1 705 904 52513
1 557 696 64277
2 658 690 85746
1 714 954 69029
1 453 702 41120
3 423 883
1 177 685 58497
1 566 641 48877
2 96 225 943
2 548 568 94143
3 426 999
2 97 114 74412
3 651 842
3 389 562
2 802 819 90776
3 180 748
2 341 588 32570
1 98 212 82135
1 131 768 4355
3 511 621
3 201 444
1 733 894 87488
3 478 720
2 89 231 86363
2 295 507 26395
2 615 811 4445
1 697 749 79075
1 137 140 3403
3 185 954
3 279 401
3 434 527
1 428 980 28405
2 196 460 21595
3 912 976
1 724 728 17886
2 625 938 92709
1 58 867 9802
2 401 479 4408
1 255 650 53985
2 259 706 24502
2 538 737 97783
3 546 644
1 475 487 29813
3 236 341
3 211 371
3 561 841
1 209 932 98502
3 385 613
1 663 704 40861
2 700 835 24875
2 394 502 31118
1 433 468 77822
2 142 165 20285
3 289 698
2 221 818 85340
3 163 589
1 81 92 39692
3 271 465
1 333 656 67247
1 322 707 90683
2 402 542 88158
1 349 453 47393
2 381 659 77761
3 577 955
1 251 454 26327
3 732 998
2 204 693 60481
1 479 730 25996
2 831 875 89667
2 567 843 50811
1 695 827 93528
2 9 917 52093
1 95 634 34114
3 465 554
3 467 622
2 491 727 11248
2 130 777 30912
2 966 989 80298
1 10 202 80645
3 58 879
3 412 663
3 602 635
2 298 804 28450
1 774 821 52513
2 165 812 95645
3 846 900
2 780 902 88940
1 248 823 77727
2 507 678 42690
2 418 825 89708
2 8 678 99373
1 643 950 2129
3 652 819
1 18 819 57724
1 506 945 52469
2 904 930 95834
2 153 307 65817
3 309 470
2 33 241 39678
1 9 126 27855
3 579 896
3 539 870
3 209 424
3 73 109
2 629 967 3955
3 272 296
1 179 363 42025
2 326 983 31617
2 76 970 51335
3 365 759
3 450 467
2 92 959 51138
2 177 374 32496
1 275 402 97223
1 457 596 9314
1 110 189 38313
1 154 829 5426
3 370 392
1 239 641 97737
2 27 85 36865
1 524 977 96608
2 638 855 62764
1 86 189 319
2 49 810 83555
2 363 733 25677
1 641 803 37296
3 263 634
2 555 879 28244
2 586 895 12099
2 528 836 69821
3 117 795
2 395 602 37378
3 320 680
2 185 227 53818
1 502 633 63900
3 348 398
2 605 991 4911
1 164 195 56773
2 64 771 72812
3 406 699
1 98 149 33205
3 497 513
2 208 852 56738
2 507 642 74525
2 72 322 27241
1 351 897 69016
2 15 478 83539
2 776 857 58476
1 321 451 64190
2 711 876 8500
1 437 641 83703
1 610 951 20436
1 356 542 19082
2 354 993 51574
2 508 566 20172
2 352 547 97859
3 131 775
2 657 819 59153
1 130 155 10163
3 238 592
3 675 678
2 26 59 23368
3 128 500
2 598 821 86489
3 131 285
2 869 934 56542
3 268 518
3 683 767
1 71 785 37912
2 16 87 28288
3 610 677
2 146 317 16199
2 169 452 66606
1 55 696 20459
3 374 974
1 426 882 29527
2 186 808 64817
2 109 273 72795
2 431 527 28120
3 322 543
1 333 933 67462
3 466 785
2 136 216 282
1 20 231 50571
3 254 514
2 159 241 47776
2 85 224 28022
1 738 983 68838
3 144 799
1 271 608 20788
2 760 788 45989
1 317 912 34462
2 20 616 42308
1 122 410 97567
1 307 914 68669
3 263 762
2 239 564 11518
2 461 897 15361
3 779 1000
2 22 522 61594
3 271 793
2 351 721 82932
1 167 620 82969
2 422 737 64643
3 788 981
2 536 666 31442
1 611 754 87151
3 77 87
1 115 702 17388
2 656 745 78531
2 257 967 81077
2 566 984 45615
1 309 481 6190
2 182 693 78150
2 742 845 76567
3 174 288
3 645 848
3 138 382
2 836 918 50305
3 548 601
3 398 942
3 169 267
2 558 977 37962
1 654 736 39925
1 372 718 36418
2 32 514 65045
1 341 701 99437
2 461 865 94819
3 153 705
3 352 942
1 61 997 40913
3 142 172
3 80 886
2 400 772 23956
1 164 833 52779
1 2 182 69792
2 89 858 11088
2 636 718 41479
1 678 782 21530
3 86 140
3 237 978
1 222 384 57125
1 283 608 20816
2 457 774 68599
3 110 180
3 116 617
3 24 288
1 248 810 84470
3 348 727
2 367 392 56190
3 349 646
3 228 530
3 243 785
1 265 738 91788
2 482 908 356
1 235 343 15069
1 278 883 72314
3 3 877
3 958 999
1 837 983 56126
2 144 293 25174
2 251 655 30642
1 713 790 12007
2 34 447 96007
3 671 720
2 452 987 49621
3 255 615
1 575 773 36946
2 318 811 29313
2 354 776 29856
1 168 772 56236
2 134 408 48714
1 106 841 38444
1 40 998 15284
3 367 985
1 78 221 87369
1 328 438 5869
3 101 905
3 238 674
1 490 571 71059
1 648 979 33437
3 444 750
2 121 702 12077
2 400 470 46377
3 469 728
1 21 456 87562
2 326 547 6296
3 292 501
2 634 650 59055
2 318 983 8817
1 275 322 53339
1 72 680 86604
2 6 261 91295
2 538 897 70919
3 615 772
2 17 540 34515
1 155 555 91486
2 284 369 65323
2 766 784 52569
2 227 638 10604
1 8 334 89517
3 228 668
1 147 410 33355
1 288 297 63529
2 7 991 54745
2 668 679 36613
2 655 942 66570
1 514 721 21274
1 107 117 50572
3 383 585
2 337 545 89482
3 148 607
1 34 209 83584
3 163 977
3 285 497
1 60 71 65983
2 637 746 33646
3 178 655
3 829 987
2 401 810 75121
3 308 461
3 5 437
2 202 471 76802
1 241 268 87363
1 89 500 19222
2 940 972 54731
2 226 578 63503
3 79 655
1 415 506 6763
2 937 970 84714
3 125 641
3 504 809
3 692 709
1 255 517 30284
1 274 379 47354
2 219 896 15117
3 522 645
1 77 996 54380
2 198 213 21202
2 55 231 43356
3 443 537
1 383 506 33566
2 599 935 74162
2 296 633 32189
2 152 930 47816
1 520 610 49300
3 278 634
2 434 837 80829
3 148 767
2 555 700 55246
2 520 828 14015
2 69 259 29606
3 581 947
3 850 884
2 677 727 73316
3 229 973
3 145 634
2 767 890 88304
3 520 580
2 423 612 30715
1 103 825 84511
1 228 832 27045
2 29 215 95237
1 930 935 98349
3 606 962
3 455 968
1 61 209 2237
3 228 384
3 80 103
2 294 495 32380
3 816 939
2 123 875 58755
2 202 844 66206
1 700 800 56632
3 736 834
3 165 963
2 526 557 34072
1 351 431 60057
2 792 957 68669
3 443 588
2 365 843 72778
1 216 880 79067
3 430 525
2 123 540 64860
3 97 170
1 674 839 54173
3 181 326
1 96 782 17496
3 437 648
3 624 670
1 87 643 27235
2 72 630 11486
1 716 760 7068
3 404 673
3 837 909
3 92 976
1 86 895 73689
3 575 832
1 531 603 25464
1 839 933 5421
1 156 433 16164
3 718 836
2 297 898 36395
1 31 682 34661
1 611 925 32345
1 223 655 96323
1 490 496 59534
2 396 412 18488
3 623 998
1 20 899 61449
2 431 574 45158
3 104 230
2 12 587 14531
1 478 869 51094
1 153 758 57885
3 753 768
1 198 297 63383
2 498 642 3637
3 14 24
2 476 927 61374
1 733 965 25492
2 202 494 9362
2 544 925 60543
1 159 917 94684
3 405 656
2 215 696 72097
2 909 913 68719
1 343 378 2401
1 166 409 75256
2 338 500 72168
3 355 428
2 27 48 26259
1 382 845 24118
3 373 407
1 304 733 27492
1 33 136 17973
3 385 640
3 464 785
3 288 484
1 223 922 8611
1 334 545 81345
3 177 372
3 875 981
1 144 658 55943
3 351 616
1 61 459 91281
1 125 577 75856
3 575 679
2 526 865 6554
3 153 261
3 370 429
1 658 829 53628
3 790 851
2 363 675 96982
2 108 660 63427
3 308 716
2 215 899 23910
1 522 578 58890
3 472 610
2 264 735 92084
2 284 740 11110
3 42 146
2 352 455 76165
2 373 579 2283
1 544 981 78396
1 523 884 78000
2 610 661 89718
2 208 948 2631
3 327 899
2 209 651 56376
1 246 890 10942
1 447 707 2725
1 82 327 86274
2 594 775 30424
2 381 697 77844
3 609 780
1 397 684 13600
1 165 763 87234
2 182 772 22068
2 822 984 51789
3 509 707
2 671 912 36381
2 463 742 98212
2 222 525 51143
3 464 534
1 433 480 6701
3 745 935
2 152 569 90934
2 317 367 9819
1 260 437 70432
2 165 295 96536
3 107 996
2 701 865 47655
3 155 949
3 518 714
2 675 777 38700
2 880 944 97208
2 860 980 94383
2 597 927 5957
3 188 583
2 230 333 13471
1 252 564 15915
1 255 447 86672
2 657 874 99829
1 477 719 39835
2 130 560 5216
2 10 965 86081
1 207 454 25109
1 607 758 19627
1 770 952 34556
2 223 650 12911
2 593 943 84817
3 813 960
3 284 435
3 605 908
1 17 246 7633
3 318 326
2 558 626 14025
3 122 124
2 137 725 80315
2 763 920 81898
3 61 547
3 329 797
3 981 988
2 125 629 9342
3 361 833
2 176 433 82947
1 601 942 63143
3 383 753
3 304 595
3 224 480
1 333 624 22208
2 761 994 97825
3 486 694
2 613 841 22402
1 633 637 76612
2 551 857 8816
1 272 680 68322
3 582 630
2 224 386 49472
1 56 698 65712
1 475 914 42100
2 206 519 22147
3 567 647
3 355 482
2 305 551 54195
2 852 893 23035
1 385 594 20046
1 730 797 53862
1 276 863 33024
1 193 425 28479
1 130 823 30602
1 151 367 36343
3 498 621
3 476 563
2 584 853 39651
1 915 935 58256
3 65 769
1 260 557 82834
1 482 799 51730
1 497 623 9735
2 14 867 97962
1 732 970 61863
1 564 592 41199
2 436 943 94638
2 82 583 26245
1 74 406 18522
3 16 275
1 306 866 71238
3 369 770
3 343 387
3 437 969
2 210 935 65585
3 433 708
3 565 968
3 610 716
2 471 895 30500
2 25 350 98158
3 572 627
1 33 645 51828
1 525 728 53531
2 503 603 34245
2 227 640 95047
3 758 970
2 934 991 79142
1 547 749 46357
2 118 545 60623
1 444 463 37618
1 688 737 51553
3 206 314
1 236 774 89809
3 154 280
1 535 551 10402
1 106 673 2062
3 156 288
2 26 660 55376
3 386 919
3 660 833
2 179 409 24347
2 579 861 25461
3 580 869
3 576 668
3 70 863
2 850 869 79779
3 939 991
3 150 927
1 711 858 20074
3 20 966
3 84 694
3 109 872
1 847 987 41548
3 11 846
1 67 796 1089
2 452 714 24940
1 208 987 48650
2 194 618 92920
1 274 871 3164
1 481 818 93349
2 214 784 78307
2 474 736 46002
1 691 810 6005
1 632 797 48506
3 769 842
1 395 574 1959
2 311 483 41348
2 155 709 63899
2 141 560 41900
2 194 771 17496
3 144 681
3 121 416
2 140 934 60456
1 81 948 16349
2 478 744 88546
1 673 849 54897
3 29 966
1 225 381 13090
1 65 947 23097
1 48 584 65744
1 74 127 62053
2 103 696 33053
2 117 516 39577
1 530 984 36486
3 528 881
1 196 497 92744
1 34 491 9374
1 480 862 93161
1 187 927 89675
3 17 156
3 348 878
2 126 841 99047
2 136 371 38654
2 572 752 24247
3 221 425
3 402 639
1 593 739 69392
2 134 809 57048
2 1 4 81425
2 303 682 23271
1 134 992 81573
3 478 768
3 571 900
1 738 837 95932
1 477 814 18791
3 480 683
2 346 386 52465
2 409 613 63878
2 803 824 38978
3 11 937
3 487 592
1 317 585 18820
3 9 332
3 605 899
3 246 955
3 236 644
3 311 327
2 705 734 29757
2 558 600 80628
3 130 816
2 375 471 98384
2 81 786 17600
3 734 936
1 57 499 65964
3 114 679
2 402 484 96724
2 604 794 72213
3 208 947
1 491 529 60375
3 623 925
1 276 939 78701
3 682 890
2 627 845 84851
3 452 568
3 254 695
2 745 899 97724
1 339 394 78555
2 190 284 8724
3 276 694
1 412 507 38425
1 204 706 45221
1 216 279 23811
1 642 842 10021
3 261 737
1 452 913 37532
1 226 353 48531
1 254 847 97859
1 465 523 90845
1 644 731 94052
2 48 529 3211
2 23 500 30664
1 219 295 77877
1 110 426 44604
3 577 764
1 305 927 99370
3 621 838
1 222 231 75164
2 92 695 26367
2 157 998 14153
2 63 204 59624
2 688 894 62014
2 90 638 88077
3 287 808
1 137 410 63622
3 53 862
1 370 724 11065
1 556 558 34254
2 303 986 99828
3 450 943
2 255 691 10410
3 16 481
3 83 914
1 416 813 33609
3 93 755
1 948 951 37522
1 881 903 63971
3 764 941
3 830 892
2 401 883 75285
3 194 325
3 97 772
1 469 863 77828
2 16 332 15486
2 355 964 13997
1 190 594 66227
2 493 775 15297
1 4 194 62817
1 320 866 54326
1 809 944 85511
1 17 497 38986
1 282 820 70256
3 184 729
3 544 647
3 616 875
1 861 961 86884
3 404 810
2 115 260 9564
1 383 612 84767
3 490 557
1 135 825 23256
1 119 808 20722
1 283 583 89421
3 165 612
3 445 899
3 31 472
3 681 877
2 339 832 44787
1 452 936 76535
1 228 333 80987
2 429 589 30207
3 438 526
2 53 830 52083
2 725 988 72323
1 239 919 70653
1 13 666 16665
1 106 110 66347
3 727 912
3 474 814
1 66 423 4722
2 531 808 81025
1 301 398 39784
3 492 710
1 205 521 50093
