2368687767870456966141317114089469761273382251499905567466809341783788452191612965165641266582822495
100
15 17
55 88
41 43
40 83
25 65
0 99
77 84
36 80
22 80
27 53
61 77
20 47
10 28
58 91
31 35
20 31
24 40
62 81
17 88
0 39
1 46
10 65
7 78
26 49
52 96
48 76
30 80
15 89
17 68
42 90
46 98
31 60
5 89
83 85
64 94
1 22
12 22
3 93
27 60
4 86
67 88
53 88
8 31
88 98
38 70
0 87
74 87
45 97
13 44
47 92
38 55
39 53
33 88
37 59
39 89
18 49
28 98
58 90
27 51
15 81
40 56
6 88
21 60
28 68
3 58
13 50
18 19
24 46
57 78
22 70
55 79
29 62
18 65
66 86
47 98
77 83
32 92
18 23
63 66
52 80
21 47
37 97
3 63
22 55
45 49
71 88
20 94
19 62
66 75
58 68
28 94
7 85
9 63
1 30
1 82
2 13
53 99
51 71
34 46
38 95
